Nb de periode :    95
 0.3000
  0.981103E+04  0.000000E+00  0.127068E-01 -0.305176E-04  0.762560E+05 -0.748444E-02
  0.209808E-04  0.196632E+05  0.310898E-03  0.123410E+04  0.161457E-02  0.805831E-02
 -0.976562E-02  0.657959E-01  0.626392E+06 -0.827148E+00  0.510254E+00 -0.157471E-01
  0.131875E-05  0.796384E+03  0.323057E-04  0.474807E+02 -0.229478E-05  0.123610E+00
  0.763972E+05  0.140381E-02 -0.579364E+01  0.683594E-02  0.592817E+06  0.308838E-01
  0.125915E-04 -0.219121E-01  0.703335E-05  0.103136E+00  0.153273E-03  0.485361E+04
 0.3500
  0.214700E+05 -0.762939E-04  0.559029E+00 -0.146484E-02  0.160760E+06 -0.350952E-02
 -0.108242E-03  0.443363E+05 -0.373840E-03  0.417693E+04  0.354767E-03  0.407491E-01
  0.000000E+00 -0.168457E-01  0.785105E+06 -0.861328E+00  0.111328E+00  0.127808E+00
 -0.599027E-05  0.323341E+04 -0.600815E-04  0.270530E+03 -0.125170E-05  0.250206E+00
  0.160892E+06 -0.140381E-02 -0.287794E+02  0.976562E-03  0.120530E+07  0.217468E+00
 -0.966191E-04 -0.935354E-01 -0.238419E-05  0.227306E+00 -0.408292E-04  0.171008E+05
 0.4000
  0.456557E+05 -0.915527E-04 -0.305039E+00 -0.854492E-03  0.328571E+06 -0.353546E-01
  0.188828E-03  0.982881E+05 -0.617981E-02  0.126798E+05 -0.364494E-02 -0.480633E-01
 -0.329590E-01  0.184570E+00  0.964534E+06 -0.193359E+00 -0.200195E-01 -0.217529E+00
  0.183582E-04  0.105827E+05  0.283241E-03  0.135712E+04 -0.524282E-03  0.232244E+00
  0.329407E+06 -0.695801E-02  0.273457E+02  0.976562E-03  0.236235E+07 -0.373535E+00
  0.188947E-03 -0.433842E+00 -0.190735E-05 -0.135803E+00 -0.105429E-02  0.536445E+05
 0.4500
  0.937098E+05 -0.732422E-03 -0.934815E+00 -0.976562E-03  0.640773E+06 -0.559998E-01
  0.494003E-03  0.212721E+06  0.323486E-02  0.361720E+05 -0.116234E-01  0.696720E+00
 -0.986328E-01  0.251221E+00  0.115263E+07 -0.689453E+00  0.136914E+01 -0.329590E-01
 -0.762939E-04  0.313122E+05  0.120544E-02  0.601532E+04  0.414848E-03  0.151566E+01
  0.643165E+06 -0.170898E-02 -0.259048E+02 -0.195312E-01  0.443175E+07 -0.164062E+00
 -0.635624E-03  0.327515E+01  0.152588E-04 -0.935516E+00  0.131578E-01  0.174764E+06
 0.5000
  0.179750E+06 -0.854492E-03 -0.121081E+01  0.126953E-01  0.116911E+07 -0.978394E-01
 -0.109100E-02  0.437168E+06  0.127563E-01  0.903791E+05  0.146637E-01 -0.477337E+00
 -0.317383E-01 -0.375977E-01  0.129411E+07  0.234375E-01  0.209766E+01 -0.144775E+00
  0.241280E-03  0.806739E+05  0.305176E-04  0.166745E+05 -0.327873E-02 -0.231879E+01
  0.117151E+07  0.439453E-02 -0.135020E+02  0.390625E-02  0.760770E+07 -0.117139E+01
 -0.266743E-02 -0.144737E+01 -0.381470E-03  0.121777E+01 -0.274086E-02  0.493596E+06
 0.5500
  0.319861E+06 -0.488281E-03  0.499146E+00 -0.976562E-03  0.196505E+07  0.123413E+00
 -0.341797E-02  0.845465E+06  0.137939E-01  0.209003E+06 -0.144196E-01 -0.117908E+01
 -0.507812E-01  0.131836E+00  0.140283E+07 -0.390625E-01  0.323828E+01  0.367676E+00
 -0.375748E-03  0.188832E+06 -0.553894E-02  0.464497E+05  0.338364E-02 -0.325213E+01
  0.197123E+07  0.107422E-01 -0.175293E+00  0.117188E+00  0.121149E+08  0.285156E+01
 -0.551605E-02 -0.102185E+01  0.274658E-03 -0.135864E+01 -0.483780E-01  0.132678E+07
 0.6000
  0.520916E+06  0.390625E-02 -0.610352E-01 -0.126953E-01  0.301014E+07 -0.604736E+00
  0.167847E-02  0.152044E+07  0.275879E-01  0.439747E+06  0.299683E-01 -0.949326E+00
  0.839844E-01  0.776367E-01  0.145765E+07 -0.312500E+00  0.183691E+01 -0.161133E+00
 -0.446320E-03  0.403428E+06 -0.207520E-01  0.117631E+06  0.158081E-01 -0.225450E+01
  0.302680E+07 -0.126953E-01 -0.493164E+00  0.000000E+00  0.174902E+08 -0.309570E+00
 -0.548553E-02 -0.347900E+00  0.793457E-03 -0.754883E+00  0.276535E+00  0.313695E+07
 0.6500
  0.777700E+06 -0.439453E-02  0.345215E+00  0.214844E-01  0.421697E+07 -0.232422E+01
 -0.180054E-02  0.250751E+07  0.397949E-01  0.818822E+06 -0.671387E-03 -0.190729E+01
 -0.195312E+00 -0.556641E-01  0.144818E+07  0.117188E+00  0.399707E+01 -0.294434E+00
 -0.579834E-03  0.760299E+06  0.732422E-03  0.249342E+06 -0.244904E-01  0.934502E+00
  0.423902E+07 -0.351562E-01 -0.211523E+01 -0.937500E-01  0.229196E+08 -0.271484E+00
  0.305176E-03  0.940430E+00  0.488281E-02 -0.101758E+01  0.543213E-02  0.728704E+07
 0.7000
  0.107031E+07 -0.537109E-02  0.393066E-01 -0.195312E-02  0.538608E+07 -0.131250E+01
  0.363159E-02  0.376252E+07  0.637207E-01  0.138976E+07  0.225525E+00 -0.447281E+01
  0.727539E-01  0.143066E+00  0.140406E+07  0.113672E+01 -0.872070E+00 -0.771973E+00
 -0.230408E-02  0.128419E+07  0.273438E-01  0.489229E+06  0.269775E-01 -0.392582E+01
  0.542389E+07 -0.101562E+00  0.297168E+01 -0.140625E+00  0.275741E+08  0.274961E+02
 -0.964355E-02  0.288281E+01  0.634766E-02 -0.730469E+00 -0.140710E+01  0.157301E+08
 0.7500
  0.136340E+07 -0.161133E-01 -0.124023E+00  0.781250E-02  0.639736E+07  0.109863E+00
  0.421143E-02  0.511853E+07  0.154785E+00  0.204173E+07  0.305176E-01  0.621353E+01
 -0.253906E+00  0.114258E+00  0.130980E+07  0.132812E+01 -0.131934E+01 -0.441895E+00
 -0.534058E-03  0.192362E+07 -0.134033E+00  0.756372E+06  0.442505E-01  0.513297E+01
  0.644999E+07 -0.117188E-01  0.206250E+01 -0.109375E+00  0.302656E+08 -0.148984E+02
 -0.123291E-01  0.202637E+02 -0.244141E-02  0.422266E+01  0.835449E+00  0.310202E+08
 0.8000
  0.162805E+07 -0.185547E-01  0.182617E+00 -0.703125E-01  0.701572E+07 -0.705078E+00
 -0.114136E-01  0.629763E+07  0.232910E+00  0.275262E+07  0.543213E-01 -0.163112E+02
  0.390625E-01 -0.184570E+00  0.119952E+07  0.708984E+00 -0.322266E-01 -0.125488E+00
 -0.579834E-03  0.258565E+07 -0.166260E+00  0.116126E+07  0.687256E-01 -0.100139E+02
  0.709600E+07 -0.156250E-01  0.120312E+01  0.250000E+00  0.311711E+08  0.819141E+01
  0.355225E-01  0.312402E+02  0.175781E-01 -0.692969E+01  0.661133E+00  0.584475E+08
 0.8500
  0.184116E+07 -0.781250E-02  0.678711E-01 -0.351562E-01  0.729795E+07  0.420898E+00
  0.537109E-02  0.710347E+07  0.185547E-01  0.327516E+07 -0.124634E+00 -0.827063E+01
  0.131836E+00  0.241211E+00  0.106096E+07  0.247266E+01 -0.255664E+01 -0.179688E+00
  0.610352E-04  0.311908E+07 -0.149658E+00  0.140145E+07 -0.118042E+00 -0.172418E+02
  0.738603E+07 -0.390625E-01  0.255664E+01  0.234375E+00  0.295691E+08 -0.210664E+02
 -0.239258E-01  0.174570E+02  0.234375E-01  0.179688E+01 -0.318310E+01  0.102070E+09
 0.9000
  0.199979E+07 -0.361328E-01 -0.239258E-01  0.156250E-01  0.715595E+07  0.116113E+01
 -0.897217E-02  0.748265E+07 -0.209473E+00  0.365978E+07 -0.299072E-01 -0.442798E+01
 -0.250488E+00 -0.600586E+00  0.913138E+06 -0.129297E+01 -0.908691E+00  0.103027E+00
 -0.677490E-02  0.348282E+07 -0.566406E-01  0.171126E+07  0.108154E+00 -0.178665E+02
  0.726570E+07  0.390625E-01  0.433594E+00  0.312500E-01  0.270956E+08 -0.722266E+01
  0.114258E+00  0.113516E+02 -0.429688E-01  0.414062E+01 -0.142539E+02  0.166843E+09
 0.9500
  0.211450E+07  0.166016E-01  0.576172E-01  0.195312E-01  0.667165E+07 -0.309570E+00
  0.659180E-02  0.750542E+07  0.124023E+00  0.384168E+07  0.419922E-01 -0.126070E+02
 -0.221680E+00  0.424805E-01  0.765415E+06  0.220703E+00 -0.100684E+01  0.209961E-01
 -0.976562E-03  0.366586E+07 -0.156250E-01  0.188849E+07 -0.552673E-01 -0.215444E+02
  0.679963E+07  0.128906E+00 -0.845703E+00  0.000000E+00  0.241936E+08 -0.505078E+01
  0.375977E+00 -0.817188E+01 -0.390625E-02 -0.771875E+01 -0.207539E+02  0.250583E+09
 1.0000
  0.221257E+07  0.976562E-03 -0.116699E+00  0.117188E-01  0.597397E+07  0.634766E+00
 -0.305176E-02  0.727812E+07 -0.488281E-03  0.382794E+07 -0.247192E-01 -0.881207E+01
  0.126221E+00 -0.107422E+00  0.617434E+06 -0.951172E+00  0.126465E+01 -0.252685E+00
 -0.579834E-03  0.366346E+07 -0.609131E-01  0.182734E+07 -0.368652E-01 -0.359955E+02
  0.610452E+07  0.195312E+00  0.882812E+00  0.203125E+00  0.198301E+08  0.527344E+00
  0.800781E+00 -0.100156E+02  0.000000E+00  0.211875E+02  0.132402E+02  0.345849E+09
 1.0500
  0.232874E+07  0.117188E-01 -0.133545E+00 -0.781250E-01  0.497154E+07 -0.890625E+00
 -0.146484E-02  0.688690E+07 -0.155518E+00  0.371652E+07  0.432129E-01 -0.703851E+01
  0.664062E-01 -0.214844E+00  0.498308E+06  0.976562E-01 -0.207520E+00 -0.844727E-01
 -0.984192E-03  0.355391E+07  0.568848E-01  0.204060E+07 -0.319366E-01  0.138740E+00
  0.510966E+07 -0.312500E-01 -0.224609E-01 -0.148438E+00  0.179931E+08  0.142090E+02
 -0.307617E+00 -0.681250E+01 -0.703125E-01  0.193438E+02  0.122598E+02  0.438531E+09
 1.1000
  0.249791E+07 -0.683594E-02  0.688477E-01  0.488281E-01  0.380898E+07  0.156250E+00
 -0.833130E-02  0.640592E+07 -0.797119E-01  0.346718E+07 -0.131042E+00  0.258240E+00
 -0.366699E+00  0.441895E-01  0.392298E+06  0.114258E+00 -0.128076E+01  0.781250E-02
 -0.135326E-02  0.332079E+07 -0.606079E-01  0.183570E+07  0.236797E-01 -0.257709E+02
  0.394991E+07 -0.468750E-01 -0.269336E+01 -0.781250E-01  0.159359E+08  0.126270E+02
 -0.115430E+01  0.206250E+01 -0.101562E+00 -0.500000E+01 -0.315625E+01  0.517595E+09
 1.1500
  0.271104E+07  0.000000E+00  0.322266E-01  0.273438E-01  0.261040E+07  0.450195E+01
  0.122070E-02  0.589532E+07  0.422363E-01  0.314129E+07 -0.870972E-01 -0.603424E+00
 -0.147461E+00 -0.976562E-01  0.311742E+06  0.156250E-01  0.193359E+00 -0.129883E+00
 -0.610352E-04  0.301869E+07 -0.105591E-01  0.137626E+07  0.222321E-01 -0.404004E+01
  0.273961E+07 -0.156250E+00 -0.149854E+01 -0.898438E-01  0.127843E+08 -0.132285E+02
 -0.777344E+00  0.690625E+01 -0.121094E+00 -0.149062E+02 -0.222461E+02  0.579167E+09
 1.2000
  0.286211E+07 -0.976562E-03 -0.327148E-01  0.390625E-02  0.164246E+07  0.198242E+01
  0.100708E-02  0.539777E+07  0.877686E-01  0.281031E+07 -0.100342E+00 -0.121455E+02
 -0.107910E+00 -0.957031E-01  0.247735E+06 -0.157227E+00  0.159180E+00  0.366211E-01
 -0.717163E-03  0.270346E+07 -0.140991E-01  0.144736E+07  0.720215E-02 -0.372879E+02
  0.176873E+07  0.546875E-01  0.336914E+00 -0.820312E-01  0.116739E+08  0.106699E+02
 -0.584961E+00 -0.111562E+02  0.937500E-01 -0.328125E+01 -0.850391E+01  0.622966E+09
 1.2500
  0.286573E+07  0.195312E-02  0.171143E+00 -0.136719E-01  0.109316E+07  0.412109E+00
 -0.997925E-02  0.495353E+07 -0.521240E-01  0.248908E+07 -0.677490E-02 -0.227063E+01
  0.208984E+00 -0.952148E-01  0.183191E+06  0.129395E+00  0.376953E+00  0.152344E+00
  0.671387E-03  0.237896E+07  0.167580E-01  0.171931E+07  0.152588E-02  0.440333E+02
  0.124539E+07  0.449219E-01  0.517578E+00 -0.234375E-01  0.107457E+08 -0.396387E+01
 -0.272461E+00 -0.564062E+01  0.683594E-01 -0.187188E+02  0.359375E+00  0.650001E+09
 1.3000
  0.274340E+07  0.927734E-02  0.119995E+00  0.234375E-01  0.854836E+06  0.124414E+01
  0.683594E-02  0.458093E+07 -0.209961E-01  0.215152E+07  0.227051E-01  0.895050E+00
  0.593750E+00  0.603027E-01  0.147278E+06 -0.441895E-01  0.244043E+01  0.756836E-02
 -0.358582E-03  0.207072E+07  0.136414E-01  0.875841E+06 -0.381470E-03  0.400229E+02
  0.101656E+07 -0.781250E-02  0.179175E+01  0.878906E-01  0.760135E+07  0.356836E+01
  0.365433E+00 -0.468750E+00 -0.449219E-01 -0.270312E+01 -0.735748E+00  0.654966E+09
 1.3500
  0.256625E+07 -0.585938E-02  0.726562E+00  0.976562E-03  0.734001E+06  0.100977E+01
  0.225830E-02  0.428281E+07  0.479736E-01  0.189039E+07 -0.142822E-01 -0.116764E+02
  0.230469E+00 -0.284668E+00 -0.263454E+06 -0.297852E+00  0.621055E+02  0.115234E+00
 -0.381470E-05  0.183210E+07 -0.275574E-01  0.691071E+06  0.312042E-02 -0.248442E+02
  0.921994E+06 -0.273438E-01 -0.107744E+02  0.625000E-01  0.634133E+07 -0.295654E+01
  0.830078E-02 -0.850000E+01  0.830078E-01 -0.101875E+02 -0.141894E+01  0.631197E+09
 1.4000
  0.237678E+07 -0.976562E-03 -0.364990E-01  0.117188E-01  0.660018E+06  0.271484E+00
 -0.610352E-04  0.404690E+07 -0.769043E-02  0.165683E+07 -0.245361E-01 -0.162750E+02
 -0.470459E+00  0.346680E-01  0.979783E+05 -0.595703E-01 -0.170166E+01  0.562744E-01
 -0.183105E-03  0.160650E+07 -0.743103E-02  0.889738E+06  0.933838E-02  0.207974E+02
  0.924256E+06  0.976562E-03  0.102685E+01 -0.312500E-01  0.515434E+07  0.347852E+01
  0.433594E+00 -0.192188E+01 -0.263672E-01  0.832812E+01 -0.233203E+01  0.578096E+09
 1.4500
  0.220524E+07  0.292969E-02 -0.792236E-01  0.107422E-01  0.593693E+06 -0.129102E+01
  0.357056E-02  0.387463E+07 -0.732422E-03  0.144937E+07  0.122070E-03  0.158121E+01
  0.458984E-01  0.866699E-02  0.504539E+05  0.262451E-01 -0.654297E-01  0.283203E-01
 -0.762939E-03  0.140027E+07 -0.119019E-02  0.880132E+06 -0.848389E-02  0.178770E+01
  0.105588E+07 -0.488281E-02  0.478516E-01  0.000000E+00  0.352041E+07 -0.104619E+02
  0.208984E+00  0.436719E+01 -0.153809E-01 -0.874414E+01 -0.176367E+01  0.510371E+09
 1.5000
  0.183729E+07  0.292969E-02  0.204651E+00  0.390625E-02  0.302125E+06 -0.105469E+00
  0.371552E-02  0.373235E+07  0.145874E-01  0.125432E+07  0.550690E-01 -0.361448E+01
  0.308105E+00 -0.225220E-01  0.511620E+05  0.140381E-01  0.657715E+00 -0.192871E-01
  0.561523E-02  0.119979E+07  0.431824E-02  0.409462E+06  0.128174E-02  0.528879E+01
 -0.788940E+06 -0.152588E-03  0.898560E+00 -0.283203E-01  0.150504E+07 -0.144531E+00
  0.439453E+00  0.367188E+01 -0.247803E-01 -0.184863E+01 -0.144922E+01  0.445913E+09
 1.5500
  0.182174E+07 -0.976562E-03  0.332031E-01 -0.585938E-02  0.344180E+06 -0.138672E+00
 -0.122070E-03  0.357538E+07  0.101318E-01  0.105128E+07 -0.142822E-01  0.131847E+01
 -0.234741E+00 -0.976562E-03  0.475806E+05  0.402832E-02  0.339844E+00  0.568848E-01
 -0.354004E-02  0.101665E+07  0.197220E-02  0.298861E+06 -0.524902E-02  0.121191E+02
  0.271295E+06  0.170898E-01  0.248169E+00  0.332031E-01  0.247353E+07 -0.341719E+01
 -0.434570E+00  0.200000E+01  0.565186E-01 -0.923828E+01 -0.267383E+01  0.399342E+09
 1.6000
  0.166907E+07  0.976562E-03  0.323792E-01  0.170898E-02  0.329164E+06  0.104688E+01
 -0.976562E-03  0.335173E+07 -0.607300E-02  0.784075E+06  0.256348E-02 -0.422778E+01
 -0.141846E+00  0.488281E-03  0.402312E+05  0.300903E-01 -0.344238E-01 -0.488281E-03
  0.360107E-02  0.728365E+06  0.267029E-03  0.252944E+06 -0.134277E-02 -0.140991E+01
  0.338804E+06 -0.976562E-03  0.603027E-01 -0.195312E-01  0.208991E+07 -0.119580E+01
 -0.263672E+00  0.648438E+00 -0.341797E-02  0.378320E+01 -0.204883E+01  0.378447E+09
 1.6500
  0.152692E+07  0.000000E+00  0.126953E-01 -0.732422E-03  0.307445E+06  0.182617E+01
 -0.549316E-03  0.310053E+07  0.137939E-01  0.511059E+06 -0.100403E-01 -0.549936E+01
 -0.920410E-01  0.100403E-01  0.235030E+05  0.192871E-01 -0.233643E+00  0.366211E-03
  0.549316E-03  0.487835E+06  0.411987E-03  0.158959E+06  0.610352E-03 -0.149768E+01
  0.307676E+06  0.683594E-02  0.126648E+00 -0.102539E-01  0.127244E+07 -0.445532E+01
  0.394531E+00 -0.304688E+01  0.781250E-02  0.580469E+01  0.222266E+01  0.392513E+09
 1.7000
  0.139198E+07  0.122070E-02  0.400543E-01  0.219727E-02  0.311018E+06  0.576172E+00
  0.366211E-03  0.283976E+07  0.328064E-02  0.238288E+06  0.102234E-02 -0.378100E+01
  0.204102E+00  0.168152E-01  0.146922E+05  0.549316E-02  0.173340E-01  0.246582E-01
 -0.854492E-03  0.150880E+06 -0.100708E-02 -0.114191E+06 -0.170898E-02 -0.325269E+01
  0.339765E+06  0.488281E-03 -0.100403E+00 -0.585938E-02  0.749914E+06  0.168921E+01
  0.742188E+00 -0.568750E+01  0.463867E-02  0.140859E+02  0.656250E+00  0.422913E+09
 1.7500
  0.127498E+07  0.000000E+00  0.306549E-01 -0.366211E-03  0.291413E+06  0.170703E+01
 -0.610352E-03  0.257566E+07 -0.614929E-02 -0.161610E+06  0.405884E-02  0.999653E+01
 -0.485229E-01 -0.640869E-02  0.103692E+05 -0.117798E-01  0.329590E-02  0.237732E-01
 -0.164795E-02 -0.184248E+06  0.938416E-03 -0.370301E+05  0.329590E-02 -0.627173E+01
  0.346641E+06 -0.244141E-01  0.657349E-01 -0.122070E-01  0.731160E+06  0.377930E+01
  0.812500E+00  0.232812E+01 -0.366211E-02  0.105000E+02  0.664062E+00  0.434117E+09
 1.8000
  0.116855E+07 -0.244141E-03 -0.734253E-01  0.183105E-02  0.293291E+06  0.147461E+01
  0.976562E-03  0.220914E+07  0.137329E-03  0.806264E+06 -0.146484E-02 -0.328058E+01
  0.131836E-01  0.389099E-02  0.626133E+04  0.228882E-03  0.538940E-01 -0.915527E-02
  0.610352E-04  0.475771E+06 -0.137024E-01  0.140826E+06  0.366211E-03 -0.139674E+02
  0.385566E+06 -0.756836E-02  0.551453E-01 -0.463867E-02  0.883475E+06 -0.102930E+01
  0.699219E+00  0.175000E+01 -0.634766E-02 -0.670508E+01  0.546875E-01  0.409486E+09
 1.8500
  0.896147E+06 -0.366211E-03 -0.158119E+00 -0.256348E-02  0.404427E+06  0.209961E+00
  0.177002E-02  0.223714E+07 -0.808716E-03  0.132945E+05  0.427246E-02  0.684906E+01
  0.997925E-02  0.283813E-02  0.340191E+04  0.206375E-02  0.133667E-01 -0.308228E-02
  0.158691E-02 -0.126660E+06  0.164948E-01 -0.157740E+06  0.799561E-02  0.616739E+01
  0.652832E+06  0.148926E-01  0.272980E+00  0.134277E-01  0.119571E+07 -0.191797E+01
 -0.140625E+00  0.189844E+01  0.854492E-03  0.850098E+00  0.390625E-01  0.323333E+09
 1.9000
  0.102096E+07  0.488281E-03  0.136490E-01  0.122070E-03  0.232593E+06 -0.185449E+01
  0.177002E-02  0.212857E+07 -0.205231E-02 -0.195878E+06  0.207520E-02  0.164545E+01
 -0.106201E-01 -0.527954E-02  0.168451E+04 -0.188637E-02 -0.167847E-01 -0.305176E-04
  0.915527E-04 -0.321954E+06  0.172424E-02 -0.307114E+06 -0.823975E-02 -0.274120E+01
  0.299493E+06 -0.122070E-02  0.158081E-01  0.146484E-02  0.368520E+06 -0.324951E+00
 -0.335938E+00  0.120312E+01 -0.103760E-02  0.329688E+01  0.117188E+00  0.326369E+09
 1.9500
  0.952532E+06  0.488281E-03 -0.373535E-01  0.000000E+00  0.305159E+06 -0.211914E+00
  0.122070E-02  0.198593E+07 -0.512695E-02 -0.424170E+06 -0.610352E-03  0.323212E+00
  0.204163E-01  0.123596E-02  0.235142E+03 -0.184345E-02  0.127563E-01 -0.457764E-03
  0.915527E-03 -0.534249E+06  0.779724E-02 -0.308824E+06  0.769043E-02 -0.473407E+01
  0.373973E+06  0.463867E-02 -0.298157E-01 -0.207520E-02  0.119254E+06  0.694336E+00
  0.781250E-01  0.208594E+01  0.000000E+00  0.327539E+01  0.156250E+00  0.290073E+09
 2.0000
  0.898078E+06  0.976562E-03 -0.292969E-02 -0.488281E-03  0.346960E+06 -0.173828E+00
 -0.152588E-02  0.187570E+07 -0.854492E-03 -0.503328E+06 -0.109863E-02  0.130853E+01
 -0.775146E-02 -0.338745E-02  0.197594E+04  0.163269E-02 -0.302124E-02  0.387573E-02
 -0.228882E-04 -0.622862E+06  0.331116E-02 -0.306926E+06 -0.116730E-02  0.502293E+01
  0.373430E+06  0.292969E-02 -0.174789E-01  0.244141E-03  0.980390E+05  0.531250E+00
 -0.507812E-01  0.593750E+01 -0.366211E-03 -0.348438E+01  0.125000E+00  0.263791E+09
 2.0500
  0.857719E+06  0.488281E-03 -0.921631E-02  0.305176E-03  0.374121E+06  0.231445E+00
 -0.183105E-02  0.175426E+07  0.122833E-02 -0.606122E+06 -0.366211E-03  0.312686E+01
 -0.480194E-01 -0.130844E-02  0.369220E+04 -0.708008E-02 -0.405884E-02 -0.361633E-02
  0.114441E-04 -0.677567E+06 -0.888824E-02 -0.244150E+06  0.471497E-02 -0.507367E+01
  0.340737E+06  0.000000E+00 -0.116463E-01 -0.115967E-02  0.724144E+05 -0.515137E-01
  0.152344E+00  0.417188E+01  0.305176E-03 -0.295703E+01 -0.351562E+00  0.246597E+09
 2.1000
  0.820934E+06 -0.488281E-03  0.136795E-01  0.732422E-03  0.405069E+06 -0.154394E+01
  0.305176E-03  0.162147E+07 -0.152779E-02 -0.697422E+06 -0.103760E-02 -0.303058E+01
  0.539398E-02 -0.173569E-02  0.564710E+04  0.167847E-02 -0.323486E-02 -0.968933E-03
  0.000000E+00 -0.731184E+06  0.610352E-04 -0.904866E+05 -0.113678E-02  0.263134E+00
  0.359150E+06  0.000000E+00 -0.318623E-02 -0.153351E-02  0.306081E+06  0.127197E+00
  0.691406E+00  0.206250E+01 -0.122070E-03  0.102295E+00  0.796875E+00  0.233776E+09
 2.1500
  0.774625E+06 -0.244141E-03 -0.105057E-01 -0.885010E-03  0.442996E+06  0.153760E+01
 -0.488281E-03  0.149848E+07 -0.383377E-03 -0.763232E+06  0.146484E-02 -0.296078E+01
 -0.153351E-01 -0.228882E-03  0.561968E+04  0.222778E-02 -0.155945E-01 -0.534058E-03
 -0.152588E-04 -0.765358E+06  0.740051E-03  0.990185E+05 -0.172424E-02 -0.192969E+01
  0.413609E+06  0.134277E-02 -0.413208E-01 -0.231934E-02  0.515067E+06 -0.583496E-01
  0.175781E+00  0.287500E+01  0.305176E-04 -0.158496E+01  0.898438E-01  0.222946E+09
 2.2000
  0.529828E+06 -0.329590E-02 -0.195603E+00 -0.982285E-03  0.461146E+06  0.185547E+00
  0.158691E-02  0.139863E+07  0.183105E-03 -0.790459E+06  0.610352E-03  0.845306E+00
  0.595665E-02  0.172615E-03  0.446036E+04  0.347137E-02  0.733757E-02 -0.524521E-04
  0.320435E-03 -0.747099E+06 -0.198364E-03  0.281366E+06  0.305176E-04 -0.216902E+01
  0.389223E+06  0.671387E-03 -0.119659E+00 -0.366211E-03  0.520053E+06  0.244141E-01
  0.169922E+00 -0.937500E+00  0.228882E-03  0.113879E+01 -0.589844E+00  0.212152E+09
 2.2500
  0.683242E+06  0.244141E-03  0.792789E-02 -0.526428E-03  0.402684E+06 -0.284180E+00
  0.122070E-03  0.131462E+07  0.364304E-03 -0.832806E+06 -0.976562E-03 -0.120306E+01
 -0.522614E-02 -0.188828E-03  0.399797E+04  0.225449E-02 -0.733566E-02  0.762939E-05
 -0.305176E-04 -0.793061E+06  0.600815E-04  0.430711E+06  0.610352E-04  0.601502E+01
  0.499828E+06 -0.610352E-03 -0.221405E-01 -0.427246E-02  0.346889E+06  0.167236E+00
 -0.371094E+00  0.312500E-01 -0.137329E-03  0.951904E+00  0.441406E+00  0.195552E+09
 2.3000
  0.637463E+06  0.000000E+00 -0.333619E-02 -0.202179E-03  0.445816E+06  0.216309E+00
 -0.183105E-03  0.124699E+07 -0.801086E-04 -0.876703E+06 -0.488281E-03 -0.842896E-01
  0.114739E-01 -0.144958E-02  0.480093E+04 -0.725555E-02  0.926256E-02 -0.706315E-03
 -0.152588E-03 -0.808212E+06 -0.113487E-02  0.574192E+06 -0.976562E-03 -0.169238E+01
  0.513116E+06  0.122070E-02 -0.253754E-01  0.402832E-02  0.399688E+06 -0.226074E+00
  0.310547E+00 -0.203125E+01  0.442505E-03 -0.239941E+01  0.177734E+00  0.178201E+09
 2.3500
  0.586123E+06  0.366211E-03 -0.670433E-03  0.286102E-03  0.452424E+06 -0.103857E+01
 -0.133514E-03  0.117785E+07  0.201225E-03 -0.914805E+06 -0.457764E-04  0.170164E+01
 -0.713348E-03 -0.913739E-03  0.454696E+04 -0.900269E-03  0.419617E-02  0.904083E-03
  0.915527E-04 -0.780198E+06 -0.534058E-03  0.656675E+06 -0.305176E-04  0.128851E+01
  0.439954E+06  0.427246E-03  0.256538E-01  0.537109E-02  0.310649E+06  0.118896E+00
 -0.117188E-01  0.205469E+01 -0.747681E-03 -0.188660E+01  0.691406E+00  0.162986E+09
 2.4000
  0.554167E+06 -0.244141E-03 -0.135221E-01 -0.564575E-03  0.457044E+06 -0.818359E+00
  0.343323E-04  0.107658E+07 -0.227928E-03 -0.974203E+06 -0.190735E-03  0.364685E-01
  0.280762E-02  0.934601E-04  0.367724E+04 -0.464630E-02  0.785828E-02 -0.534058E-04
 -0.762939E-04 -0.780920E+06 -0.505447E-03  0.745296E+06  0.152588E-03  0.425117E+00
  0.392170E+06 -0.488281E-03  0.117259E-01 -0.728607E-03  0.360702E+06 -0.108643E+00
 -0.629883E-01 -0.189844E+01  0.137329E-03  0.125085E+01  0.221680E+00  0.153579E+09
 2.4500
  0.504819E+06  0.122070E-03 -0.336266E-02  0.244141E-03  0.464177E+06  0.169922E+00
 -0.152588E-03  0.889237E+06  0.349283E-04 -0.106228E+07  0.305176E-03 -0.163544E+01
  0.389099E-03  0.953674E-05  0.220153E+04  0.160980E-02 -0.373840E-02  0.644684E-03
  0.213623E-03 -0.714114E+06  0.631809E-04  0.876726E+06 -0.305176E-03  0.127502E+01
  0.378722E+06 -0.366211E-03 -0.549650E-02 -0.252914E-02  0.413021E+06  0.312500E+00
 -0.173340E+00  0.703125E+00 -0.762939E-05  0.225665E+01  0.878906E-02  0.146967E+09
 2.5000
  0.382884E+06 -0.335693E-03 -0.108457E-01  0.106812E-03  0.466306E+06 -0.678711E-01
 -0.610352E-03  0.504581E+06 -0.510216E-03 -0.923625E+04 -0.109863E-02 -0.281018E+01
  0.197601E-02 -0.213623E-03  0.309826E+03  0.388527E-02  0.193787E-02  0.209808E-03
  0.122070E-03 -0.460533E+06  0.376511E-02 -0.536756E+05  0.854492E-03  0.450891E+01
  0.335456E+06 -0.610352E-04 -0.174179E-01  0.247192E-02  0.439443E+06 -0.117920E+00
 -0.255859E+00  0.859375E+00 -0.476837E-03  0.543346E+01  0.546875E+00  0.116788E+09
 2.5500
  0.450803E+06  0.122070E-03 -0.105629E-01  0.381231E-03  0.355579E+06 -0.461914E+00
  0.122070E-03  0.887789E+06  0.944138E-04 -0.674217E+06  0.244141E-03 -0.293640E+01
  0.132751E-02  0.426292E-03 -0.956752E+03  0.142670E-02  0.235748E-02  0.190735E-03
  0.244141E-03 -0.863392E+06 -0.401306E-02  0.491193E+06  0.134277E-02  0.835052E+00
  0.442244E+06 -0.122070E-03 -0.894928E-02  0.262451E-02  0.308418E+06  0.569336E+00
 -0.236328E+00 -0.906250E+00 -0.686646E-04 -0.138708E+01 -0.195312E+00  0.140155E+09
 2.6000
  0.424712E+06  0.000000E+00 -0.248432E-02 -0.381470E-04  0.416372E+06  0.284180E+00
  0.122070E-03  0.877052E+06 -0.462532E-04 -0.791076E+06  0.244141E-03  0.351508E+01
  0.380325E-02 -0.230789E-03 -0.142398E+04 -0.156784E-02  0.850677E-02  0.843048E-03
  0.305176E-03 -0.959054E+06  0.465393E-03  0.576996E+06  0.610352E-03 -0.142352E+01
  0.475856E+06  0.000000E+00  0.536346E-02  0.366211E-03  0.333008E+06 -0.468262E+00
  0.273438E-01 -0.250000E+01  0.188828E-03 -0.159013E+01 -0.117188E-01  0.126967E+09
 2.6500
  0.399492E+06  0.244141E-03 -0.434339E-03 -0.322104E-03  0.432079E+06 -0.209961E+00
  0.610352E-04  0.825557E+06  0.399590E-03 -0.856570E+06 -0.366211E-03 -0.234314E+01
 -0.241280E-02 -0.379562E-03 -0.905828E+03 -0.241852E-02  0.194168E-02 -0.120163E-03
 -0.366211E-03 -0.965544E+06  0.124359E-02  0.643678E+06 -0.231934E-02  0.352283E+01
  0.437902E+06  0.488281E-03  0.157595E-02  0.190735E-04  0.335376E+06  0.927734E+00
 -0.605469E-01 -0.539062E+00 -0.120163E-03  0.918961E+00  0.300781E+00  0.121118E+09
 2.7000
  0.379604E+06 -0.244141E-03 -0.487089E-03  0.196457E-03  0.431412E+06 -0.245117E+00
  0.244141E-03  0.773260E+06  0.262260E-04 -0.838358E+06 -0.488281E-03  0.204199E+01
  0.526428E-03  0.301361E-03 -0.279510E+03 -0.189781E-03  0.245667E-02  0.343323E-04
  0.488281E-03 -0.904618E+06 -0.877380E-04  0.650526E+06  0.000000E+00 -0.115198E+01
  0.368227E+06  0.244141E-03  0.184784E-01 -0.305176E-03  0.334875E+06 -0.527344E-01
  0.488281E-01  0.906250E+00 -0.686646E-04 -0.107922E+01  0.207031E+00  0.114481E+09
 2.7500
  0.334146E+06  0.000000E+00  0.448608E-02  0.419617E-03  0.421367E+06  0.100098E+00
  0.305176E-03  0.729500E+06 -0.724792E-04 -0.831140E+06 -0.427246E-03 -0.100540E+01
 -0.142670E-02 -0.223160E-03  0.558840E+03  0.254250E-02 -0.183105E-03  0.762939E-05
 -0.183105E-03 -0.844726E+06  0.172615E-03  0.759240E+06 -0.732422E-03  0.204361E+01
  0.326973E+06  0.000000E+00  0.126495E-01  0.610352E-04  0.401069E+06  0.613769E+00
 -0.429688E-01  0.367188E+00 -0.190735E-03  0.945007E+00  0.410156E+00  0.107774E+09
 2.8000
  0.111720E+06  0.488281E-03  0.391388E-02  0.534058E-03  0.153924E+06  0.573486E+00
 -0.610352E-04  0.684243E+06  0.126362E-04 -0.823739E+06  0.244141E-03 -0.935242E+00
 -0.892639E-03  0.209808E-03  0.228169E+03 -0.129056E-02  0.389099E-02 -0.156403E-03
 -0.610352E-04 -0.792120E+06  0.396490E-03  0.850443E+06  0.000000E+00  0.120526E+01
  0.142009E+06  0.122070E-02  0.247860E-02 -0.885010E-03  0.163268E+06  0.217285E-01
 -0.917969E-01  0.546875E-01 -0.305176E-04 -0.380234E+00 -0.300781E+00  0.102274E+09
 2.8500
  0.345297E+06 -0.122070E-03 -0.140834E-02 -0.212908E-03  0.382079E+06  0.229492E-01
  0.610352E-03  0.632973E+06 -0.859499E-04 -0.805166E+06  0.000000E+00 -0.847351E+00
 -0.740051E-03  0.181198E-03  0.496139E+03 -0.618993E-02 -0.197601E-02  0.343323E-04
 -0.122070E-03 -0.733581E+06 -0.103569E-02  0.940993E+06  0.122070E-02  0.109192E+00
  0.432550E+06  0.366211E-03 -0.432968E-02  0.271606E-02  0.411309E+06 -0.635742E+00
 -0.878906E-01 -0.875000E+00  0.495911E-04 -0.473175E+00  0.664062E-01  0.957211E+08
 2.9000
  0.312732E+06  0.366211E-03  0.615907E-02  0.712872E-03  0.392970E+06  0.640137E+00
 -0.244141E-03  0.588151E+06 -0.559986E-04 -0.791207E+06 -0.732422E-03 -0.123355E+01
 -0.732422E-03  0.274658E-03  0.805060E+03  0.947952E-03  0.244141E-03  0.148773E-03
 -0.610352E-04 -0.683553E+06 -0.103378E-02  0.995193E+06  0.000000E+00  0.348730E+01
  0.394355E+06  0.000000E+00  0.166092E-01  0.236511E-02  0.434639E+06  0.364746E+00
 -0.781250E-02  0.992188E+00  0.106812E-03  0.865784E-01  0.312500E-01  0.874458E+08
 2.9500
  0.286394E+06 -0.183105E-03 -0.404477E-03 -0.156403E-03  0.383752E+06 -0.124023E+00
 -0.305176E-04  0.515260E+06 -0.222683E-03 -0.783452E+06  0.183105E-03  0.149896E+01
 -0.109482E-02 -0.207901E-03  0.739017E+03 -0.706768E-02  0.522614E-03  0.858307E-04
  0.610352E-04 -0.616634E+06 -0.656128E-03  0.101661E+07  0.366211E-03  0.452423E+00
  0.343040E+06  0.244141E-03  0.220633E-02  0.223541E-02  0.447693E+06  0.307617E-01
 -0.106445E+00  0.976562E+00  0.238419E-05 -0.935661E+00 -0.779297E+00  0.768603E+08
 3.0000
  0.236547E+06  0.000000E+00  0.110956E-01 -0.392914E-03  0.347242E+06 -0.444824E+00
  0.915527E-04  0.340398E+06  0.286102E-04 -0.717961E+06  0.549316E-03 -0.262940E+00
  0.331879E-03  0.128746E-03  0.646502E+03 -0.303650E-02  0.389099E-03  0.267029E-04
  0.671387E-03 -0.425907E+06 -0.934601E-04  0.957742E+06  0.122070E-02 -0.205478E+01
  0.283228E+06 -0.610352E-03  0.140553E-01  0.976562E-03  0.439777E+06  0.800781E-01
  0.234375E-01  0.468750E+00 -0.129700E-03  0.104028E+01 -0.845703E+00  0.650957E+08
 3.0500
  0.739508E+05 -0.183105E-03 -0.172234E-02  0.305176E-03  0.197152E+06  0.115967E+00
  0.366211E-03  0.137677E+06 -0.214577E-04 -0.904364E+05 -0.366211E-03 -0.177579E+01
 -0.400543E-03 -0.631809E-04 -0.981833E+01  0.150129E-02 -0.144958E-02 -0.202179E-03
 -0.366211E-03 -0.191511E+06 -0.113440E-02  0.103926E+06 -0.488281E-03  0.302614E+01
  0.101918E+06 -0.122070E-03  0.124168E-02 -0.259399E-03  0.255713E+06  0.634766E-01
 -0.781250E-02  0.218750E+00  0.198364E-03  0.140161E+01 -0.351562E+00  0.332391E+08
 3.1000
  0.274936E+06 -0.610352E-04 -0.851059E-02  0.686646E-04  0.317407E+06 -0.403809E+00
  0.000000E+00  0.547842E+06  0.452042E-03 -0.452073E+06  0.000000E+00 -0.455322E+00
  0.747681E-03 -0.944138E-04 -0.563650E+03 -0.158691E-02  0.167847E-03  0.495911E-03
  0.244141E-03 -0.755948E+06  0.322723E-02  0.539525E+06 -0.268555E-02  0.223328E+01
  0.379326E+06 -0.122070E-03 -0.121384E-01 -0.103760E-02  0.380698E+06 -0.145020E+00
 -0.781250E-01 -0.398438E+00  0.610352E-04 -0.205774E+01 -0.105469E+00  0.744311E+08
 3.1500
  0.243058E+06  0.122070E-03 -0.208855E-02 -0.877380E-04  0.328854E+06 -0.245605E+00
  0.122070E-03  0.523896E+06  0.415802E-03 -0.586736E+06 -0.732422E-03  0.512573E+00
 -0.152588E-04  0.311852E-03 -0.456129E+03 -0.812531E-03 -0.160980E-02 -0.778198E-03
 -0.244141E-03 -0.739395E+06  0.461578E-03  0.713228E+06  0.488281E-03 -0.493530E+00
  0.330458E+06  0.244141E-03 -0.376225E-03  0.762939E-04  0.387111E+06  0.644043E+00
  0.140625E+00  0.976562E+00 -0.152588E-03 -0.207141E+01  0.148438E+00  0.773715E+08
 3.2000
  0.210439E+06  0.000000E+00  0.409627E-02  0.806808E-03  0.311658E+06 -0.284668E+00
 -0.244141E-03  0.489764E+06 -0.128746E-03 -0.618851E+06  0.122070E-03 -0.261475E+00
  0.862122E-03  0.567436E-04 -0.199308E+03  0.106001E-02  0.495911E-03 -0.308990E-03
  0.244141E-03 -0.699088E+06 -0.397682E-03  0.778859E+06 -0.976562E-03  0.352173E-01
  0.268286E+06 -0.122070E-03  0.391960E-02  0.350952E-03  0.379888E+06  0.110352E+00
  0.468750E-01 -0.726562E+00  0.381470E-05  0.981628E+00 -0.281250E+00  0.701634E+08
 3.2500
  0.170303E+06  0.000000E+00 -0.111580E-03  0.381470E-04  0.287520E+06  0.135254E+00
 -0.366211E-03  0.440951E+06 -0.872612E-04 -0.619172E+06  0.366211E-03 -0.406494E+00
  0.518799E-03 -0.513077E-03  0.126819E+03  0.425816E-03  0.564575E-03 -0.690460E-03
 -0.366211E-03 -0.641281E+06 -0.700951E-04  0.809836E+06  0.244141E-03  0.254761E+01
  0.211604E+06  0.244141E-03 -0.194168E-02 -0.152588E-04  0.371751E+06 -0.360352E+00
 -0.781250E-02 -0.750000E+00  0.524521E-05  0.161247E+01  0.117188E-01  0.654982E+08
 3.3000
  0.646980E+05  0.244141E-03  0.399953E-02 -0.436306E-03  0.801305E+05 -0.189331E+00
  0.000000E+00  0.404797E+06 -0.295043E-05 -0.608863E+06  0.244141E-03  0.165222E+00
 -0.839233E-04 -0.267029E-03 -0.912164E+02 -0.410080E-04 -0.701904E-03 -0.225067E-03
 -0.122070E-03 -0.586282E+06 -0.797510E-04  0.846785E+06  0.000000E+00 -0.970825E+00
  0.940469E+05  0.146484E-02  0.860739E-02  0.377655E-03  0.106764E+06 -0.364502E+00
  0.214844E-01  0.289062E+00 -0.548363E-05  0.425272E+00 -0.367188E+00  0.600641E+08
 3.3500
  0.215723E+06  0.915527E-04  0.234604E-03  0.160217E-03  0.288454E+06  0.471191E-01
  0.000000E+00  0.360011E+06 -0.572205E-05 -0.584595E+06  0.000000E+00  0.308167E+00
  0.549316E-03  0.385284E-03  0.180399E+02  0.326538E-02  0.259399E-03  0.534058E-04
  0.244141E-03 -0.512486E+06  0.384331E-03  0.861222E+06  0.244141E-03 -0.193011E+01
  0.317698E+06 -0.488281E-03 -0.251007E-02  0.106812E-02  0.388924E+06  0.874023E-01
  0.175781E-01 -0.390625E-01  0.476837E-06  0.841217E+00 -0.636719E+00  0.554374E+08
 3.4000
  0.180922E+06  0.343323E-04 -0.676303E-02  0.277996E-03  0.279184E+06  0.249023E-01
  0.183105E-03  0.297269E+06  0.282764E-03 -0.551497E+06  0.000000E+00  0.572327E+00
  0.520706E-03  0.242710E-03  0.208297E+03  0.901222E-03  0.381470E-03 -0.768661E-03
 -0.122070E-03 -0.421740E+06 -0.118256E-03  0.837752E+06  0.244141E-03 -0.148694E+01
  0.264817E+06  0.350952E-03 -0.103066E-01  0.324249E-03  0.389268E+06 -0.147461E+00
 -0.664062E-01  0.781250E+00  0.000000E+00  0.977722E+00  0.343750E+00  0.478297E+08
 3.4500
  0.151583E+06  0.122070E-03  0.170922E-02 -0.194550E-03  0.254104E+06  0.104980E+00
  0.610352E-04  0.182174E+06 -0.239372E-03 -0.478513E+06 -0.244141E-03 -0.202820E+00
  0.392914E-03 -0.158310E-03  0.267779E+03 -0.810623E-03  0.694275E-03  0.137329E-03
  0.610352E-03 -0.257206E+06  0.514984E-03  0.747254E+06  0.244141E-03  0.793823E+00
  0.212712E+06 -0.244141E-03  0.263023E-02 -0.556946E-03  0.372492E+06 -0.187012E+00
  0.390625E-02  0.195312E+00  0.762939E-05  0.271790E+01  0.716797E+00  0.352838E+08
 3.5000
  0.559791E+05 -0.106812E-03  0.667572E-02  0.381470E-03  0.161898E+06 -0.105591E-01
  0.305176E-04 -0.296904E+05  0.850677E-03 -0.161731E+06  0.000000E+00  0.790028E+00
 -0.129700E-03  0.413895E-03  0.928971E+02  0.925064E-03  0.762939E-05 -0.610352E-04
  0.915527E-04  0.508804E+05 -0.513077E-03  0.254995E+06  0.137329E-02 -0.133484E+01
  0.783688E+05 -0.122070E-03  0.750160E-02  0.518799E-03  0.245698E+06 -0.147583E+00
  0.135498E-01  0.992188E+00 -0.305176E-04  0.794678E-01  0.437988E+00  0.145066E+08
 3.5500
  0.185327E+06  0.152588E-04  0.295448E-02  0.305176E-04  0.217582E+06  0.257080E+00
 -0.244141E-03  0.319904E+06  0.117111E-02 -0.229558E+06 -0.732422E-03 -0.120728E+01
  0.755310E-03 -0.225544E-03 -0.155664E+03  0.235558E-03  0.495911E-03  0.152588E-04
  0.244141E-03 -0.500638E+06  0.300980E-02  0.333870E+06  0.732422E-03  0.213281E+01
  0.285517E+06  0.259399E-03  0.185776E-02 -0.183105E-03  0.315420E+06  0.140625E+00
  0.371094E-01 -0.898438E+00  0.152588E-03 -0.137244E+01  0.121094E+00  0.400257E+08
 3.6000
  0.160909E+06 -0.228882E-04  0.810623E-05  0.134468E-03  0.230393E+06 -0.117188E-01
  0.244141E-03  0.377313E+06  0.261307E-03 -0.383366E+06  0.000000E+00 -0.767334E+00
  0.190735E-03  0.450134E-03 -0.104738E+03 -0.216776E-02 -0.946045E-03 -0.534058E-04
  0.000000E+00 -0.587254E+06 -0.640869E-03  0.559063E+06 -0.732422E-03  0.150867E+01
  0.236998E+06  0.175476E-03  0.143099E-02 -0.111771E-02  0.318864E+06 -0.922852E-01
  0.273438E-01  0.625000E-01  0.762939E-04 -0.201538E+00  0.195312E+00  0.530659E+08
 3.6500
  0.129177E+06  0.122070E-03  0.289559E-02  0.476837E-04  0.221999E+06  0.268555E-01
  0.122070E-03  0.339507E+06  0.591278E-04 -0.435686E+06 -0.366211E-03 -0.242065E+00
  0.125885E-03 -0.247061E-04 -0.279209E+02 -0.736356E-03  0.142670E-02  0.953674E-04
  0.366211E-03 -0.534840E+06  0.381470E-05  0.649326E+06  0.000000E+00  0.356323E+00
  0.185746E+06 -0.244141E-03  0.564766E-02  0.137329E-03  0.318762E+06 -0.185547E-01
  0.410156E-01 -0.210938E+00 -0.610352E-04  0.476196E+00  0.859375E-01  0.491915E+08
 3.7000
  0.572358E+05  0.610352E-04  0.118065E-02 -0.762939E-04  0.168876E+06 -0.252686E-01
  0.610352E-04  0.298246E+06 -0.245571E-04 -0.440711E+06  0.000000E+00  0.219482E+00
 -0.137329E-03 -0.472069E-04  0.129082E+03  0.717640E-03 -0.381470E-03  0.190735E-04
  0.122070E-03 -0.469358E+06  0.295639E-04  0.675217E+06  0.000000E+00  0.270935E+00
  0.816433E+05  0.000000E+00  0.276756E-02  0.198364E-03  0.250053E+06 -0.151367E+00
 -0.781250E-02 -0.476562E+00  0.381470E-05  0.475250E+00  0.175781E+00  0.431628E+08
 3.7500
  0.133493E+06 -0.244141E-03 -0.738811E-02  0.305176E-03  0.124985E+06 -0.174561E+00
  0.122070E-03  0.249464E+06 -0.931025E-04 -0.430611E+06  0.000000E+00  0.403015E+00
 -0.114441E-03 -0.307083E-03 -0.114253E+03  0.736713E-04 -0.305176E-04 -0.259399E-03
  0.244141E-03 -0.392474E+06  0.109196E-03  0.677445E+06  0.244141E-03  0.818237E+00
  0.201784E+06 -0.244141E-03 -0.996017E-02 -0.335693E-03  0.182307E+06 -0.137451E+00
  0.214844E-01 -0.859375E-01 -0.147820E-04  0.626579E+00 -0.156250E-01  0.374929E+08
 3.8000
  0.139456E+06  0.000000E+00 -0.228429E-02 -0.381470E-05  0.202478E+06 -0.317383E-02
  0.000000E+00  0.189378E+06 -0.858307E-04 -0.403088E+06  0.122070E-03 -0.382507E+00
  0.478745E-03  0.316620E-03 -0.122319E+02  0.360340E-03  0.137329E-03  0.286102E-03
 -0.122070E-03 -0.291842E+06 -0.103283E-02  0.653459E+06 -0.488281E-03 -0.190430E-01
  0.218928E+06 -0.244141E-03 -0.147438E-02  0.115204E-02  0.297652E+06  0.346191E+00
  0.175781E-01  0.148438E+00 -0.457764E-04  0.442871E+00  0.390625E-02  0.324447E+08
 3.8500
  0.109137E+06  0.610352E-04  0.211167E-02 -0.534058E-04  0.220967E+06  0.189941E+00
  0.122070E-03  0.959818E+05  0.216579E-02 -0.425850E+06 -0.854492E-03 -0.160522E-01
 -0.101471E-02  0.186920E-03  0.137355E+04 -0.418758E-02 -0.111389E-02  0.313950E-02
  0.122070E-03 -0.138748E+06 -0.317574E-03  0.681412E+06  0.244141E-03  0.438965E+00
  0.137968E+06  0.106812E-02  0.278139E-02 -0.218582E-02  0.325819E+06  0.250244E+00
  0.654297E-01  0.105469E+00  0.106812E-03  0.478516E+00 -0.585938E-02  0.210385E+08
 3.9000
  0.363197E+05  0.000000E+00 -0.107117E-01 -0.312805E-03  0.276940E+06 -0.301514E-01
  0.000000E+00 -0.415319E+05 -0.158310E-02 -0.232093E+06  0.137329E-02  0.124191E+00
  0.793457E-03 -0.450134E-03  0.505165E+03  0.314140E-02  0.344849E-02  0.210571E-02
  0.305176E-04  0.712115E+05  0.526428E-03  0.375538E+06  0.488281E-03 -0.211548E+00
  0.434867E+05 -0.112915E-02 -0.195694E-01  0.213623E-03  0.373311E+06 -0.172119E-01
 -0.625000E-01 -0.390625E-02 -0.160217E-02  0.100415E+01 -0.326416E+00  0.495490E+07
 3.9500
  0.103105E+06  0.122070E-03  0.937748E-02  0.244141E-03 -0.491494E+05 -0.157227E+00
  0.000000E+00  0.145801E+06  0.525951E-03 -0.183628E+05  0.146484E-02  0.179443E-01
  0.000000E+00 -0.907898E-03 -0.313381E+03  0.674725E-03 -0.183105E-03 -0.108337E-02
 -0.122070E-03 -0.238071E+06 -0.555992E-03  0.235392E+05 -0.219727E-02 -0.128601E+00
  0.140835E+06 -0.732422E-03  0.182743E-01 -0.671387E-03 -0.682100E+05 -0.148438E+00
 -0.468750E-01  0.625000E+00 -0.168610E-02 -0.989319E+00  0.234375E-01  0.188375E+08
 4.0000
  0.113696E+06 -0.183105E-03 -0.681877E-03 -0.366211E-03  0.112513E+06  0.182129E+00
  0.000000E+00  0.265236E+06 -0.132656E-02 -0.193477E+06  0.000000E+00  0.357422E+00
 -0.846863E-03 -0.381470E-04 -0.105952E+04 -0.293064E-02 -0.203705E-02  0.385284E-03
 -0.366211E-03 -0.440558E+06 -0.292397E-02  0.295214E+06  0.122070E-02 -0.758911E+00
  0.161422E+06 -0.122070E-03 -0.129128E-02 -0.686646E-03  0.124402E+06 -0.404297E+00
 -0.371094E-01  0.000000E+00  0.793457E-03  0.270874E+00 -0.382812E+00  0.368358E+08
 4.0500
  0.810197E+05 -0.610352E-04 -0.825405E-03 -0.648499E-04  0.196536E+06  0.212402E-01
 -0.122070E-03  0.245826E+06  0.141525E-02 -0.285639E+06  0.732422E-03 -0.511597E+00
 -0.366211E-03 -0.553131E-04 -0.694387E+03 -0.147796E-02  0.125122E-02 -0.228882E-04
  0.122070E-03 -0.411481E+06 -0.103998E-02  0.447737E+06 -0.732422E-03  0.723267E+00
  0.109033E+06  0.305176E-03 -0.175881E-02 -0.139236E-02  0.223051E+06 -0.788574E-01
  0.488281E-01 -0.972656E+00 -0.137329E-03  0.705566E-01  0.546875E-01  0.350291E+08
 4.1000
 -0.968202E+03  0.610352E-04  0.153046E-01 -0.282288E-03  0.206988E+06  0.177841E-01
 -0.610352E-04  0.204969E+06  0.150681E-03 -0.310836E+06 -0.366211E-03 -0.431335E+00
 -0.167847E-03  0.197411E-03 -0.560713E+03 -0.202370E-02 -0.152588E-02 -0.167847E-03
  0.122070E-03 -0.336254E+06  0.712872E-04  0.498028E+06 -0.244141E-03  0.353638E+00
 -0.149093E+04  0.305176E-04  0.243225E-01 -0.205994E-03  0.242857E+06 -0.244446E-01
  0.117188E-01  0.234375E-01  0.648499E-04  0.634583E+00  0.175781E+00  0.294703E+08
 4.1500
  0.110525E+06  0.000000E+00 -0.864792E-02  0.434875E-03 -0.156240E+04 -0.294190E+00
  0.610352E-04  0.149798E+06 -0.234246E-04 -0.317194E+06 -0.244141E-03 -0.224854E+00
  0.366211E-03  0.762939E-03  0.633097E+03  0.545979E-04 -0.242615E-02 -0.122070E-03
  0.000000E+00 -0.240516E+06 -0.337362E-04  0.510544E+06 -0.732422E-03  0.942383E-01
  0.150014E+06  0.244141E-03 -0.160437E-01  0.862122E-03  0.354539E+05  0.343994E+00
 -0.410156E-01  0.351562E+00  0.141144E-03  0.126678E+00  0.390625E-01  0.244774E+08
 4.2000
  0.961309E+05  0.610352E-04 -0.196350E-02 -0.133514E-03  0.118989E+06  0.478516E-01
  0.183105E-03  0.713196E+05 -0.456333E-03 -0.298132E+06  0.122070E-03 -0.120544E+00
 -0.429153E-03 -0.347137E-03  0.423277E+03 -0.147152E-02 -0.180626E-02  0.123978E-03
  0.122070E-03 -0.114254E+06  0.200987E-03  0.485702E+06  0.244141E-03 -0.735474E-01
  0.132711E+06  0.000000E+00 -0.131309E-03  0.100899E-02  0.197294E+06  0.434570E-01
 -0.898438E-01  0.312500E+00  0.373840E-03 -0.123871E+00 -0.173828E+00  0.159453E+08
 4.2500
  0.432197E+05 -0.152588E-04 -0.142741E-02  0.114441E-04  0.171268E+06 -0.103516E+00
 -0.915527E-04 -0.323861E+05 -0.738144E-03 -0.208942E+06  0.219727E-02  0.645752E-01
 -0.144958E-03  0.257492E-03  0.484165E+03 -0.471497E-02  0.199890E-02 -0.267029E-03
  0.000000E+00  0.540333E+05 -0.444412E-02  0.342484E+06  0.109863E-02 -0.124512E+00
  0.600749E+05  0.118256E-02 -0.151968E-02  0.438690E-03  0.253454E+06  0.223389E+00
 -0.205078E-01 -0.156250E+00  0.114441E-04  0.108160E+01 -0.410156E-01  0.291965E+07
 4.3000
 -0.928621E+04 -0.610352E-04 -0.445271E-02 -0.165939E-03  0.518154E+05 -0.750732E-02
  0.762939E-04 -0.468270E+04 -0.103116E-03 -0.210199E+05 -0.915527E-04  0.275772E+00
 -0.724792E-03 -0.820160E-03  0.325499E+02 -0.903100E-03  0.488281E-03 -0.366211E-03
 -0.762939E-04  0.884861E+04  0.674129E-04  0.341520E+05  0.000000E+00 -0.530060E+00
 -0.122480E+05  0.854492E-03 -0.722647E-02  0.379562E-03  0.750493E+05 -0.732422E-03
  0.107422E-01  0.742188E-01 -0.762939E-05  0.406570E+00 -0.361328E-01  0.187502E+07
 4.3500
  0.100184E+06  0.610352E-04  0.387096E-02  0.335693E-03  0.466903E+05  0.110840E+00
  0.000000E+00  0.189430E+06  0.448346E-03 -0.737537E+05  0.134277E-02  0.144043E-01
 -0.305176E-04 -0.186920E-03 -0.375737E+03  0.377440E-02 -0.178528E-02 -0.545502E-03
  0.000000E+00 -0.311007E+06  0.526667E-03  0.116852E+06  0.244141E-03  0.435791E-01
  0.141827E+06  0.122070E-03  0.888920E-02 -0.133514E-02  0.558128E+05  0.117676E+00
  0.156250E-01 -0.136719E+00 -0.837326E-03 -0.537445E+00  0.406250E+00  0.255325E+08
 4.4000
  0.647093E+05  0.381470E-05  0.989139E-04 -0.374317E-04  0.127491E+06 -0.488281E-02
  0.000000E+00  0.210082E+06 -0.697613E-03 -0.180088E+06  0.244141E-03 -0.235290E+00
 -0.166893E-02  0.185966E-04 -0.383475E+03  0.253081E-03 -0.174332E-02  0.314713E-04
  0.122070E-03 -0.348223E+06  0.406757E-03  0.287619E+06  0.000000E+00 -0.555420E-02
  0.914596E+05  0.000000E+00  0.373006E-03 -0.131607E-03  0.158263E+06  0.974121E-01
 -0.332031E-01 -0.117188E-01 -0.152588E-04 -0.745255E+00 -0.277344E+00  0.291018E+08
 4.4500
 -0.931184E+04  0.762939E-04  0.136933E-01 -0.129700E-03  0.127382E+06  0.103302E-01
  0.610352E-04  0.162408E+06  0.211000E-03 -0.221343E+06  0.000000E+00 -0.774780E+00
 -0.122070E-03  0.352859E-04 -0.244483E+03  0.607133E-03 -0.607300E-02  0.305176E-03
  0.000000E+00 -0.271864E+06 -0.562072E-03  0.360918E+06  0.000000E+00  0.345520E+00
 -0.147140E+05 -0.106812E-03  0.271691E-01  0.116348E-03  0.162810E+06  0.640869E-03
  0.585938E-02  0.136719E+00 -0.719070E-03 -0.290680E-01  0.546875E-01  0.228113E+08
 4.5000
  0.704565E+05 -0.122070E-03 -0.101619E-01 -0.167847E-03  0.296880E+04 -0.201538E+00
  0.000000E+00  0.100510E+06  0.342090E-03 -0.222132E+06  0.122070E-03 -0.403442E+00
  0.245667E-02  0.413895E-03  0.207893E+03 -0.912547E-04  0.480652E-03  0.667572E-03
  0.000000E+00 -0.166539E+06 -0.518262E-04  0.371156E+06  0.000000E+00  0.606750E+00
  0.103631E+06  0.366211E-03 -0.198424E-01  0.177383E-03  0.170888E+05  0.331055E+00
 -0.234375E-01  0.585938E+00  0.200272E-04 -0.353813E+00  0.195312E-01  0.167149E+08
 4.5500
  0.718303E+05 -0.610352E-04 -0.172639E-02 -0.410080E-04  0.901598E+05  0.848389E-01
  0.000000E+00  0.241733E+05  0.222534E-03 -0.189938E+06  0.244141E-03  0.133728E+00
  0.467300E-03 -0.581741E-03  0.259267E+03 -0.173998E-02 -0.255585E-03  0.146866E-03
  0.000000E+00 -0.357056E+05 -0.828862E-03  0.324244E+06  0.000000E+00 -0.135681E+00
  0.108013E+06 -0.488281E-03 -0.387460E-02 -0.230312E-03  0.149778E+06  0.314941E-01
 -0.361328E-01  0.414062E+00  0.198364E-03  0.221374E+00  0.000000E+00  0.857092E+07
 4.6000
  0.132321E+05  0.572205E-04 -0.332892E-02 -0.117302E-03  0.110866E+06  0.141602E-01
  0.762939E-04 -0.524195E+05 -0.473782E-03 -0.100717E+06  0.610352E-04  0.592316E+00
  0.305176E-04 -0.368118E-03  0.293887E+03 -0.208688E-02  0.210571E-02  0.161743E-02
 -0.915527E-04  0.930618E+05 -0.965357E-03  0.174028E+06  0.183105E-03 -0.901413E+00
  0.175910E+05  0.324249E-03 -0.400996E-02  0.145912E-03  0.173238E+06  0.222900E+00
  0.781250E-02  0.531250E+00 -0.267029E-04  0.564911E+00 -0.878906E-02 -0.197768E+07
 4.6500
  0.808226E+04  0.000000E+00 -0.133783E-03 -0.143051E-04  0.673937E+04 -0.207062E-01
 -0.228882E-04  0.138588E+05 -0.625849E-05 -0.855260E+04  0.000000E+00  0.592701E+00
 -0.101471E-02  0.801086E-04 -0.145289E+02 -0.121980E-02 -0.259399E-03 -0.282288E-03
  0.648499E-04 -0.229673E+05  0.142267E-03  0.135986E+05 -0.305176E-04 -0.875069E+00
  0.122352E+05 -0.366211E-03  0.561476E-04  0.391483E-03  0.103111E+05 -0.622711E-01
 -0.488281E-02 -0.203125E+00 -0.238419E-05 -0.174969E+00  0.507812E-01  0.252277E+07
 4.7000
  0.732237E+05 -0.610352E-04  0.270140E-02  0.228882E-04  0.561873E+05  0.549316E-01
  0.610352E-04  0.147406E+06 -0.204682E-03 -0.801789E+05  0.427246E-03  0.250793E+00
 -0.843406E-03  0.204086E-03 -0.252967E+03 -0.425577E-03 -0.168204E-02  0.106573E-03
  0.000000E+00 -0.252438E+06  0.134385E-02  0.132668E+06 -0.732422E-03  0.154968E+00
  0.111160E+06  0.122070E-03  0.455117E-02 -0.288010E-03  0.767599E+05 -0.174316E+00
 -0.224609E-01  0.117188E-01  0.312805E-03 -0.562599E+00 -0.468750E-01  0.197275E+08
 4.7500
  0.240961E+05  0.309944E-04  0.305355E-02  0.878572E-04  0.904545E+05  0.423584E-01
 -0.122070E-03  0.150114E+06 -0.321150E-03 -0.144243E+06 -0.244141E-03 -0.397644E+00
 -0.480652E-03 -0.133514E-03 -0.145312E+03  0.496194E-03 -0.350952E-03 -0.137329E-03
 -0.122070E-03 -0.255372E+06 -0.145316E-03  0.242502E+06  0.000000E+00 -0.135498E-01
  0.360059E+05  0.915527E-04  0.366592E-02  0.231743E-03  0.124185E+06  0.398560E-01
  0.781250E-02  0.101562E+00 -0.296712E-03 -0.827716E+00 -0.179688E+00  0.203748E+08
 4.8000
 -0.180656E+05 -0.610352E-04  0.144980E-01 -0.715256E-05  0.318655E+05  0.619507E-02
  0.000000E+00  0.101485E+06  0.569820E-04 -0.158830E+06  0.610352E-04 -0.138641E+00
  0.411987E-03  0.441074E-04 -0.273452E+02 -0.356957E-04 -0.320435E-03  0.305176E-04
  0.000000E+00 -0.171405E+06  0.177711E-03  0.268305E+06 -0.122070E-03  0.185364E+00
 -0.262050E+05  0.000000E+00  0.254360E-01  0.576973E-04  0.446968E+05  0.714111E-02
 -0.585938E-02  0.195312E+00  0.137150E-03 -0.372665E+00 -0.195312E-01  0.140470E+08
 4.8500
  0.651625E+05 -0.610352E-04 -0.841430E-02 -0.139117E-03  0.357635E+05 -0.295410E-01
  0.000000E+00  0.321454E+05  0.233889E-03 -0.140605E+06  0.000000E+00 -0.506592E-01
  0.201225E-03 -0.570297E-03  0.847507E+02 -0.242934E-03  0.131893E-02  0.315189E-03
  0.000000E+00 -0.548751E+05  0.226498E-03  0.239163E+06 -0.244141E-03  0.118042E+00
  0.973385E+05  0.610352E-03 -0.135727E-01  0.419974E-03  0.618876E+05  0.136963E+00
 -0.976562E-02  0.191406E+00 -0.743866E-04  0.298439E+00  0.937500E-01  0.805831E+07
 4.9000
  0.269729E+05 -0.915527E-04  0.255030E-02  0.286102E-04  0.716591E+05  0.244141E-01
  0.305176E-04 -0.378841E+05  0.187397E-03 -0.854716E+05 -0.183105E-03  0.359192E+00
 -0.286102E-04 -0.131607E-03  0.118671E+03  0.246763E-03  0.692368E-03 -0.200272E-03
  0.610352E-04  0.648462E+05 -0.329971E-03  0.145802E+06 -0.122070E-03 -0.848694E+00
  0.413137E+05  0.122070E-03  0.421369E-02 -0.231743E-03  0.115098E+06  0.104004E+00
  0.292969E-01  0.562500E+00 -0.213623E-03 -0.229919E+00 -0.664062E-01 -0.120153E+07
 4.9500
 -0.291565E+05  0.152588E-04 -0.475764E-02  0.400543E-04  0.296381E+05  0.130920E-01
  0.000000E+00 -0.332798E+05  0.329018E-04 -0.115030E+05  0.305176E-04  0.668135E+00
 -0.686646E-04 -0.343323E-03  0.398408E+02 -0.844121E-03  0.000000E+00 -0.843048E-03
  0.534058E-04  0.574426E+05 -0.222921E-03  0.192487E+05 -0.183105E-03 -0.122013E+01
 -0.404180E+05 -0.457764E-04 -0.864792E-02  0.202179E-03  0.471884E+05 -0.106812E-01
 -0.299072E-02 -0.195312E-01 -0.557899E-04 -0.120552E+00  0.685120E-02 -0.321040E+07
 5.0000
  0.621054E+05  0.000000E+00  0.356412E-02  0.190735E-03  0.232118E+05  0.145142E+00
  0.000000E+00  0.793284E+05 -0.134468E-03 -0.292679E+05 -0.183105E-03 -0.346954E+00
  0.427723E-03 -0.152588E-04 -0.547661E+02 -0.745177E-03 -0.780106E-03  0.944138E-04
 -0.610352E-04 -0.134305E+06 -0.481606E-04  0.489737E+05  0.000000E+00  0.456513E+00
  0.903457E+05  0.122070E-03  0.558519E-02  0.686646E-04  0.327622E+05 -0.378418E-01
 -0.356445E-01 -0.193359E+00 -0.319481E-04 -0.663681E+00 -0.683594E-02  0.113710E+08
