Nb de periode :    95
 0.3000
  0.299954E+07 -0.162760E-01 -0.684815E+00 -0.651042E-02  0.605555E+07  0.198568E+01
  0.495911E-02  0.752148E+07  0.191243E-01  0.651705E+07  0.122884E+00 -0.170702E+02
 -0.148519E+01 -0.346680E+00  0.877162E+07  0.161458E+01 -0.112565E+02 -0.111084E+00
  0.424067E-02  0.644358E+07 -0.169271E+01  0.100672E+09  0.184225E+01  0.683654E+01
  0.601444E+07 -0.944010E-01 -0.322786E+02 -0.322917E+01  0.558292E+09 -0.219076E+02
 -0.128174E+00 -0.137370E+02 -0.325521E-02 -0.239583E+02  0.665853E+01  0.550369E+09
 0.3500
  0.309270E+07 -0.627790E-02  0.188651E+01 -0.558036E-02  0.651191E+07 -0.753348E-01
 -0.754220E-02  0.781464E+07  0.102888E+00  0.661575E+07 -0.215716E+00 -0.107191E+02
 -0.510742E+01 -0.445731E+00  0.852645E+07  0.493304E+01 -0.869503E+02  0.156250E+00
  0.189645E-02  0.655582E+07  0.675223E+00  0.100516E+09  0.119433E+00 -0.291066E+02
  0.645526E+07  0.147879E+00 -0.180335E+03  0.250000E+01  0.559515E+09 -0.109012E+02
 -0.254953E+00 -0.196987E+02  0.195312E-01 -0.367634E+02 -0.477260E+01  0.556466E+09
 0.4000
  0.320860E+07  0.915527E-02 -0.129639E+01 -0.488281E-02  0.697577E+07 -0.426025E+00
 -0.995636E-02  0.817730E+07  0.147095E+00  0.675105E+07  0.400543E-01 -0.212813E+02
  0.236755E+01  0.274658E+00  0.825077E+07  0.826172E+01  0.798779E+02  0.430908E+00
 -0.282645E-02  0.667118E+07 -0.106445E+01  0.100617E+09  0.391757E+00 -0.578917E+02
  0.694359E+07 -0.144043E+00  0.166035E+03  0.218750E+01  0.562184E+09 -0.194067E+02
  0.897217E-01 -0.232910E+02  0.112305E+00 -0.816016E+02 -0.161743E+00  0.563445E+09
 0.4500
  0.335335E+07  0.868056E-02 -0.571289E+00 -0.217014E-01  0.751221E+07  0.195312E-01
  0.508626E-02  0.864620E+07  0.256076E+00  0.697808E+07  0.142415E+00  0.894433E+02
 -0.153917E+01  0.458984E+00  0.792434E+07 -0.423611E+01 -0.111972E+03  0.466037E+00
 -0.799391E-02  0.686963E+07  0.570746E+00  0.101035E+09 -0.117442E+01  0.179828E+03
  0.749349E+07 -0.434028E-01 -0.164991E+03  0.222222E+01  0.566176E+09  0.202691E+01
  0.368924E-01  0.154722E+03 -0.217014E-01 -0.134375E+02  0.159310E+02  0.571689E+09
 0.5000
  0.348448E+07  0.292969E-02 -0.136377E+01  0.117188E-01  0.799103E+07 -0.131250E+01
  0.158691E-02  0.920310E+07  0.199707E+00  0.719391E+07 -0.192871E-01 -0.677557E+02
 -0.100000E+01 -0.615234E-01  0.750631E+07  0.139062E+01 -0.171650E+02  0.829834E+00
 -0.228882E-04  0.709969E+07  0.576172E+00  0.100745E+09  0.406647E+00 -0.317324E+03
  0.799824E+07  0.117188E-01 -0.537031E+02  0.137500E+01  0.565380E+09  0.725000E+01
  0.105225E+00 -0.644844E+02 -0.781250E-02  0.138750E+02 -0.140449E+02  0.583554E+09
 0.5500
  0.361580E+07  0.177557E-02  0.128817E+01 -0.852273E-01  0.820606E+07  0.896662E+00
  0.771262E-02  0.975635E+07  0.163352E+00  0.749101E+07 -0.254128E-01 -0.247670E+02
  0.142045E-01 -0.162021E+00  0.711586E+07 -0.693182E+01 -0.139453E+02  0.157138E+00
 -0.749068E-03  0.735996E+07  0.541548E+00  0.100888E+09 -0.714125E+00 -0.727783E+02
  0.822471E+07  0.426136E-01 -0.184233E+02  0.909091E+00  0.565177E+09  0.432102E+02
 -0.187322E+00 -0.266903E+02 -0.852273E-01  0.170455E+00 -0.287966E+02  0.596058E+09
 0.6000
  0.368959E+07 -0.146484E-01 -0.846354E-01  0.716146E-01  0.795999E+07 -0.157389E+01
  0.102743E-01  0.102640E+08 -0.309245E-01  0.783969E+07 -0.469971E+00 -0.987233E+01
  0.181478E+00  0.236003E-01  0.675262E+07  0.631510E+00 -0.154215E+00 -0.192668E+00
  0.268300E-02  0.770016E+07  0.825195E+00  0.101382E+09  0.216258E+01 -0.406267E+02
  0.802007E+07  0.182292E+00 -0.449219E+01 -0.104167E+01  0.563847E+09  0.438802E+01
 -0.191243E-01 -0.121354E+02  0.000000E+00 -0.520833E-01  0.203133E+02  0.616161E+09
 0.6500
  0.368100E+07  0.525841E-02  0.106671E+00  0.600962E-02  0.729482E+07  0.356070E+00
 -0.939002E-04  0.104539E+08 -0.307993E-01  0.804730E+07 -0.131648E+00 -0.496037E+01
 -0.543682E-01  0.602840E-01  0.643886E+07 -0.384014E+01 -0.100248E+02 -0.432880E-01
 -0.147893E-02  0.791024E+07  0.181190E+01  0.101127E+09 -0.131777E+01 -0.442947E+02
  0.733938E+07  0.180288E-01  0.346154E+01 -0.125000E+01  0.556331E+09  0.237440E+02
 -0.394381E-02  0.841346E-01 -0.961538E-01  0.576923E+00  0.147705E+02  0.637778E+09
 0.7000
  0.357003E+07 -0.697545E-02 -0.178223E+00 -0.502232E-01  0.600622E+07  0.213030E+01
  0.344413E-02  0.101276E+08 -0.320871E-01  0.816545E+07  0.361502E+00  0.549709E+01
  0.186577E+00  0.799016E-01  0.620739E+07  0.119475E+02  0.827741E+01  0.704329E-01
  0.324794E-02  0.796554E+07 -0.884487E+00  0.101853E+09  0.849697E+00  0.113899E+02
  0.610560E+07  0.164621E+00  0.275670E+01 -0.125000E+01  0.551697E+09 -0.328125E+01
 -0.585938E-01  0.137054E+02  0.106027E+00  0.816964E+01  0.283552E+01  0.662258E+09
 0.7500
  0.337284E+07  0.651042E-03 -0.206055E+00 -0.156250E-01  0.449074E+07  0.126693E+01
  0.321452E-02  0.925338E+07 -0.122721E+00  0.788754E+07  0.119629E-01  0.170413E+02
 -0.156576E+00 -0.119466E+00  0.601965E+07  0.230729E+01  0.318473E+01  0.666504E-01
 -0.279744E-02  0.777539E+07 -0.723958E+00  0.101159E+09 -0.256525E+01  0.300840E+02
  0.454124E+07  0.416667E-01  0.281250E+01 -0.375000E+01  0.540294E+09 -0.459583E+02
  0.470378E-01  0.106458E+02  0.156250E-01  0.454167E+01  0.766927E+01  0.694883E+09
 0.8000
  0.311064E+07 -0.146484E-01 -0.227966E+00 -0.244141E-02  0.270265E+07 -0.223633E+01
  0.127029E-01  0.785802E+07 -0.503540E-01  0.741948E+07 -0.151024E+00  0.204625E+02
  0.151062E-01  0.135956E+00  0.590791E+07  0.721680E+01  0.396729E-01  0.645447E-01
 -0.908375E-03  0.730216E+07  0.161133E+01  0.101554E+09 -0.297375E+01  0.578621E+02
  0.277218E+07 -0.439453E-01 -0.488281E-01 -0.781250E+00  0.534731E+09  0.103943E+02
  0.854492E-01  0.233789E+02 -0.112305E+00 -0.297266E+02  0.460623E+02  0.728061E+09
 0.8500
  0.282643E+07 -0.574448E-03 -0.677849E-01 -0.919118E-02  0.107611E+07 -0.689338E-01
  0.865039E-03  0.626452E+07 -0.160846E-01  0.665836E+07  0.382345E-01  0.868188E+01
  0.247587E+00  0.359030E-01  0.582725E+07 -0.107537E+01  0.122214E+01 -0.229779E-02
 -0.418270E-02  0.660452E+07 -0.183134E+01  0.100739E+09 -0.549227E+00 -0.962830E+01
  0.111184E+07  0.448070E-01  0.735294E-01  0.625000E+01  0.526240E+09 -0.718922E+01
 -0.385599E-01  0.380515E+01 -0.119485E+00 -0.144485E+02  0.192445E+02  0.760613E+09
 0.9000
  0.255571E+07 -0.189887E-02  0.211724E+00 -0.141059E-01 -0.395663E+06  0.170573E+01
  0.194973E-02  0.473464E+07 -0.101623E+00  0.588798E+07 -0.932482E-02  0.907484E+01
 -0.296766E+00  0.813802E-03  0.581181E+07  0.551215E+01 -0.617296E+01 -0.596788E-02
 -0.274658E-02  0.586679E+07 -0.160156E+01  0.100545E+09 -0.176751E+01  0.498412E+01
 -0.381358E+06 -0.965712E-01 -0.157986E+01  0.694444E+00  0.522041E+09  0.745985E+00
 -0.238444E+00  0.163195E+01  0.117188E+00 -0.534722E+01  0.633681E+01  0.781666E+09
 0.9500
  0.232413E+07 -0.822368E-02 -0.809519E-02  0.000000E+00 -0.158054E+07 -0.212274E+01
  0.729210E-02  0.344639E+07 -0.343724E-02  0.514776E+07  0.295539E-02  0.760996E+00
 -0.853207E-01 -0.745271E-02  0.582981E+07  0.824424E+01 -0.633455E+01  0.160619E-01
 -0.144557E-02  0.514162E+07  0.182771E+01  0.100342E+09 -0.306139E-01 -0.765403E+01
 -0.155700E+07  0.314170E-01 -0.121711E+01  0.394737E+00  0.521012E+09  0.115049E+02
 -0.205849E+00 -0.156414E+02  0.123355E-01  0.305921E+01 -0.200771E+02  0.783594E+09
 1.0000
  0.214760E+07  0.393677E-02  0.169189E+00  0.488281E-02 -0.246861E+07  0.151465E+01
  0.100708E-02  0.244857E+07 -0.378418E-02  0.450322E+07 -0.103149E-01 -0.152507E+02
  0.159058E+00  0.222168E-01  0.587297E+07  0.610547E+01 -0.293140E+01  0.909424E-01
  0.113831E-01  0.454836E+07  0.998047E+00  0.996184E+08 -0.121796E+01 -0.255838E+02
 -0.250604E+07 -0.371094E-01  0.548438E+01  0.168750E+01  0.518217E+09 -0.280312E+02
  0.302734E+00 -0.265625E+00 -0.117188E-01 -0.581250E+01 -0.616504E+01  0.759102E+09
 1.0500
  0.200616E+07  0.132533E-01  0.724865E-01 -0.318545E-01 -0.303946E+07  0.103795E+01
 -0.871931E-03  0.171553E+07 -0.127883E-02  0.397616E+07 -0.115676E-01 -0.580125E+01
  0.150902E+00  0.390625E-01  0.594298E+07 -0.391369E+01  0.364258E+01 -0.239490E-01
  0.688825E-02  0.403445E+07  0.491071E+00  0.996380E+08 -0.456601E+00 -0.860639E+01
 -0.308371E+07  0.874256E-01 -0.165923E+01 -0.464286E+01  0.519249E+09  0.245219E+02
 -0.641741E+00  0.000000E+00 -0.186012E-02 -0.959822E+01  0.223865E+01  0.707899E+09
 1.1000
  0.186625E+07  0.124290E-01  0.606277E-01 -0.110973E-03 -0.325180E+07 -0.689719E+01
  0.141491E-02  0.121901E+07  0.388406E-03  0.356868E+07 -0.504927E-02  0.594335E+01
 -0.284646E+00 -0.284091E-01  0.602136E+07 -0.845170E+00 -0.169320E+02 -0.134277E-01
 -0.443892E-03  0.362053E+07  0.150923E+01  0.993740E+08  0.467807E+00 -0.384618E+02
 -0.328526E+07  0.301847E-01 -0.162784E+02 -0.375000E+01  0.520153E+09  0.806463E+01
 -0.213068E+00  0.131534E+02  0.417259E-01  0.448153E+01  0.679688E+01  0.640382E+09
 1.1500
  0.166145E+07  0.123132E-01  0.973113E-01  0.465459E-01 -0.306712E+07  0.214674E+01
 -0.212296E-03  0.919770E+06 -0.272005E-02  0.329328E+07  0.185759E-02 -0.226524E+01
 -0.181619E+00  0.403363E-01  0.609679E+07  0.144022E+01 -0.672597E+01  0.877845E-01
  0.119417E-02  0.337049E+07  0.978261E+00  0.988858E+08 -0.155783E+01 -0.584321E+01
 -0.314160E+07  0.424592E-01 -0.764266E+01 -0.266304E+01  0.519907E+09 -0.665082E+01
  0.361753E+00  0.611413E-01  0.382133E-02 -0.502717E+00 -0.142255E+02  0.566022E+09
 1.2000
  0.136172E+07  0.325521E-02  0.169905E-01 -0.225703E-01 -0.251019E+07  0.712077E+00
 -0.928243E-03  0.769792E+06  0.462850E-02  0.311865E+07  0.381470E-03 -0.514603E+01
 -0.201416E-01  0.854492E-02  0.617051E+07 -0.694010E+01 -0.467936E-02 -0.239054E-01
 -0.228882E-03  0.319644E+07  0.158203E+01  0.989072E+08 -0.563049E-01 -0.265116E+02
 -0.256700E+07  0.130208E-01  0.626953E+01  0.260417E+00  0.520269E+09  0.850260E+01
 -0.100911E+01  0.101562E+01 -0.170898E-01 -0.241536E+02 -0.691732E+01  0.489379E+09
 1.2500
  0.104797E+07 -0.546875E-02  0.663696E-01  0.878906E-03 -0.187586E+07 -0.230820E+01
  0.268555E-03  0.728744E+06  0.146484E-02  0.303011E+07 -0.146484E-02  0.296863E+00
  0.187891E+00 -0.222656E-01  0.623951E+07  0.902500E+01  0.541035E+01  0.120117E-01
 -0.988770E-02  0.310333E+07 -0.681250E+00  0.991208E+08 -0.905029E+00  0.315180E+02
 -0.190808E+07 -0.156250E-01  0.634375E+01  0.300000E+01  0.520478E+09  0.517656E+01
  0.362500E+00  0.641211E+01  0.390625E-02  0.718125E+01 -0.425000E+00  0.412792E+09
 1.3000
  0.800400E+06  0.187800E-02  0.783832E-01 -0.713642E-02 -0.138212E+07 -0.875150E+00
 -0.246488E-02  0.752079E+06  0.352126E-02  0.302428E+07 -0.687819E-02 -0.189514E+00
  0.187800E-03 -0.525841E-02  0.629232E+07  0.112440E+02 -0.350098E+01  0.262921E-01
 -0.305176E-03  0.308943E+07  0.148438E+01  0.989233E+08 -0.676927E+00  0.190722E+02
 -0.142073E+07  0.000000E+00 -0.183894E+01 -0.201923E+01  0.521638E+09  0.290340E+01
 -0.146484E+01 -0.431791E+01  0.000000E+00 -0.974760E+01  0.530949E+01  0.337333E+09
 1.3500
  0.635936E+06 -0.397859E-02 -0.464884E+00 -0.253183E-02 -0.102141E+07  0.139594E+01
  0.128852E-02  0.806350E+06 -0.601309E-02  0.304790E+07 -0.859013E-03 -0.789162E-01
 -0.634042E+01  0.163122E+00  0.632417E+07 -0.116319E+01  0.301743E+02 -0.452112E-01
  0.504105E-02  0.312715E+07 -0.868056E+00  0.989015E+08  0.149604E+01 -0.614129E+01
 -0.108880E+07  0.173611E-01  0.139468E+01 -0.101852E+01  0.522580E+09 -0.316876E+01
  0.203993E+00 -0.280671E+01  0.868056E-02 -0.204861E+01 -0.498264E+01  0.268877E+09
 1.4000
  0.531584E+06  0.279018E-02 -0.534058E-01  0.104632E-01 -0.763133E+06  0.187413E+01
  0.217983E-03  0.864884E+06  0.119890E-01  0.307447E+07  0.898089E-02 -0.118502E+01
  0.283203E+00 -0.784738E-02  0.642583E+07 -0.698661E+01 -0.228760E+01 -0.160435E-01
  0.409807E-02  0.313666E+07  0.909598E+00  0.989203E+08  0.992606E+00  0.465374E+01
 -0.803452E+06  0.167411E-01 -0.375558E+01 -0.258929E+01  0.523679E+09  0.465402E+01
  0.772879E+00 -0.268694E+01  0.671387E-02  0.176239E+01 -0.806641E+01  0.217665E+09
 1.4500
  0.460998E+06 -0.101024E-02 -0.848599E-01 -0.471444E-02 -0.609962E+06  0.602480E+00
 -0.117861E-02  0.909020E+06  0.345164E-02  0.311161E+07  0.198680E-01  0.204678E+01
  0.102202E+00 -0.203731E-01  0.646288E+07 -0.574892E+01 -0.867794E+00  0.168373E-01
 -0.378839E-03  0.316235E+07  0.668103E+00  0.990104E+08 -0.306624E+01  0.945536E+01
 -0.536262E+06  0.134698E-01  0.271552E+01  0.422414E+01  0.525277E+09  0.643180E+01
  0.103718E+00  0.164062E+01 -0.202047E-02 -0.816271E+00 -0.264817E+01  0.191204E+09
 1.5000
  0.502968E+06  0.976562E-03  0.123128E+00 -0.260417E-02 -0.345472E+06  0.107829E+00
 -0.374349E-02  0.923684E+06  0.257975E-01  0.313717E+07 -0.797526E-02  0.130330E+00
 -0.385742E-01  0.211589E-02  0.648138E+07 -0.105156E+02 -0.770378E+01  0.211589E-02
  0.272624E-02  0.317624E+07  0.588542E+00  0.991013E+08  0.340275E+01  0.712187E+01
 -0.138841E+07  0.349935E-02  0.729167E-01  0.833333E-01  0.524366E+09  0.456250E+01
  0.167969E+00 -0.266146E+01 -0.585938E-02  0.567188E+01  0.575521E+00  0.188250E+09
 1.5500
  0.444526E+06  0.315020E-03 -0.134671E+00  0.126008E-02 -0.230562E+06  0.403068E+00
  0.173261E-02  0.906450E+06 -0.379599E-01  0.315011E+07  0.134671E-01 -0.187780E+01
 -0.100649E+00  0.333921E-01  0.650175E+07 -0.137198E+02  0.192194E+01  0.274068E-01
  0.598538E-02  0.320363E+07 -0.123488E+01  0.991122E+08 -0.837757E+00  0.629137E+01
 -0.434016E+06  0.000000E+00  0.460685E+01  0.806452E+00  0.525161E+09  0.282132E+01
 -0.360383E+00  0.524194E+00 -0.170111E-01  0.553428E+01 -0.745968E+01  0.201808E+09
 1.6000
  0.441101E+06 -0.106812E-02 -0.109177E+00  0.854492E-02 -0.786687E+05  0.180054E+00
  0.915527E-03  0.883916E+06  0.271606E-01  0.317454E+07  0.121307E-01 -0.132702E+01
  0.494385E-01  0.839233E-02  0.653236E+07  0.219238E+01  0.923706E+01 -0.909424E-01
  0.109673E-02  0.321094E+07  0.140869E+01  0.991117E+08  0.416071E+01  0.429596E+01
 -0.244982E+06  0.280762E-01  0.443359E+01  0.179688E+01  0.526228E+09  0.295044E+01
  0.480957E+00 -0.283203E+01 -0.170898E-01  0.147656E+02 -0.136719E+01  0.222252E+09
 1.6500
  0.453508E+06 -0.295928E-03 -0.100837E+00  0.000000E+00  0.563537E+05  0.363991E-01
  0.443892E-03  0.887045E+06 -0.289270E-01  0.323200E+07  0.508256E-01 -0.346005E+01
  0.203155E+00 -0.878906E-01  0.658056E+07  0.507576E+01  0.982096E+01 -0.198272E-01
 -0.336618E-02  0.325420E+07  0.118371E-01  0.991264E+08 -0.176650E+00 -0.720754E+01
 -0.943735E+05 -0.414299E-01  0.121970E+02 -0.113636E+01  0.528441E+09 -0.372958E+01
  0.248580E+00 -0.223011E+01  0.224905E-01  0.462121E+01 -0.199811E+01  0.236990E+09
 1.7000
  0.475426E+06  0.287224E-03 -0.117906E+00 -0.689338E-02  0.162620E+06 -0.107135E+01
  0.718061E-04  0.907245E+06 -0.117762E-01  0.331747E+07 -0.872444E-02 -0.520050E+01
 -0.301585E-02 -0.864545E-01  0.660238E+07 -0.422334E+01  0.123880E+02 -0.473920E-01
  0.476837E-02  0.331568E+07 -0.208640E+01  0.993306E+08 -0.904662E+00 -0.286278E+02
  0.562487E+05 -0.861673E-02  0.134191E+02 -0.411765E+01  0.528896E+09  0.194106E+01
  0.735294E-01 -0.343750E+01  0.229779E-01 -0.488052E+01 -0.475873E+01  0.229865E+09
 1.7500
  0.503956E+06  0.697545E-03 -0.920759E-01 -0.111607E-02  0.256110E+06 -0.549107E+00
  0.767299E-03  0.887618E+06 -0.304129E-01  0.342779E+07  0.313895E-02 -0.281388E+01
  0.738002E-01 -0.122210E+00  0.660813E+07  0.294643E+01  0.274057E+02 -0.733817E-01
 -0.258092E-02  0.344838E+07  0.234598E+01  0.995116E+08  0.629203E+00 -0.295006E+02
  0.137675E+06  0.256696E-01  0.257054E+02  0.464286E+01  0.528544E+09 -0.651060E+01
 -0.136161E+00 -0.463839E+01 -0.658482E-01 -0.142857E+02 -0.317634E+01  0.203929E+09
 1.8000
  0.528973E+06 -0.542535E-03 -0.485569E-01 -0.292969E-01  0.343342E+06 -0.397678E+00
 -0.135634E-03  0.144417E+07 -0.355360E-01  0.360825E+07 -0.271946E-01 -0.107429E+02
 -0.945367E-01 -0.121528E+00  0.661985E+07 -0.580729E+01  0.133361E+02  0.241428E-01
 -0.610352E-03  0.365978E+07  0.434028E-02  0.988849E+08  0.129035E+01 -0.211774E+02
  0.207912E+06 -0.325521E-02  0.615451E+01 -0.326389E+01  0.528421E+09  0.111161E+02
  0.379774E+00 -0.392144E+01 -0.444878E-01 -0.513021E+01 -0.392144E+01  0.176967E+09
 1.8500
  0.484778E+06  0.232181E-02 -0.197952E-02 -0.105574E-02  0.312224E+06  0.333615E+00
 -0.610352E-03  0.128405E+07  0.525232E-01  0.356726E+07  0.320022E-01 -0.184638E+01
 -0.906620E-01 -0.626848E-02  0.664062E+07  0.461993E+01  0.593856E+00 -0.168919E-01
 -0.189704E-02  0.363374E+07 -0.120988E+01  0.992868E+08 -0.730772E+00  0.653739E+01
  0.897174E+05  0.717905E-01 -0.101351E+00  0.506757E+01  0.529033E+09 -0.194019E+01
 -0.497255E+00 -0.121411E+01  0.453970E-01  0.127027E+02 -0.289062E+01  0.142999E+09
 1.9000
  0.640864E+06  0.321238E-03 -0.359786E-01 -0.411184E-02  0.504457E+06 -0.365954E+00
 -0.337300E-03  0.131269E+07 -0.408614E-01  0.365478E+07 -0.362999E-01 -0.915495E+00
  0.321238E-02 -0.769043E-01  0.667194E+07 -0.953947E+01  0.637875E+01  0.667532E-01
  0.212017E-02  0.371655E+07 -0.128495E+01  0.995439E+08 -0.322574E+01 -0.414819E+01
  0.360204E+06 -0.251850E-01  0.662829E+01 -0.302632E+01  0.530486E+09  0.418380E+00
 -0.154837E+00 -0.300576E+01  0.390625E-01 -0.124178E+01  0.747584E+00  0.175474E+09
 1.9500
  0.658619E+06 -0.375601E-03  0.129457E+00  0.801282E-02  0.558077E+06  0.102164E+00
  0.156500E-03  0.133765E+07  0.414413E-01  0.376089E+07  0.332094E-01 -0.122987E+01
 -0.875150E-01  0.159004E-01  0.668918E+07  0.704327E+01  0.114526E+02 -0.805038E-01
 -0.658867E-02  0.381944E+07  0.110577E+01  0.997435E+08  0.331634E+01 -0.223657E+02
  0.406409E+06 -0.100160E-02 -0.171474E+01 -0.141026E+01  0.531153E+09  0.709335E+01
 -0.124825E+00 -0.274439E+00  0.300481E-02  0.583333E+01 -0.372721E+01  0.176181E+09
 2.0000
  0.684825E+06 -0.134277E-02  0.155029E-01  0.136719E-01  0.606087E+06 -0.115234E+00
 -0.143433E-02  0.140665E+07  0.200195E-01  0.382391E+07  0.903320E-02 -0.426865E+00
  0.294189E-01  0.915527E-01  0.669084E+07  0.857031E+01  0.765796E+01 -0.552979E-01
 -0.158691E-02  0.390709E+07 -0.151562E+01  0.997052E+08  0.784851E+00  0.141403E+02
  0.441780E+06  0.253906E-01  0.826562E+01  0.356250E+01  0.530622E+09 -0.143848E+01
  0.451660E-01  0.301953E+01  0.195312E-02  0.235938E+01  0.673828E+00  0.182721E+09
 2.0500
  0.708921E+06 -0.238186E-03  0.739568E-01 -0.161966E-01  0.641786E+06 -0.415396E+00
 -0.297732E-04  0.144712E+07  0.152439E-01  0.390859E+07 -0.286121E-01 -0.253788E+01
 -0.117902E-01 -0.355493E-01  0.669438E+07 -0.477896E+01 -0.352610E+01 -0.202458E-01
 -0.780059E-02  0.400834E+07 -0.108613E+00  0.996821E+08  0.396877E-01 -0.259157E+02
  0.480569E+06 -0.485899E-01  0.224848E+01  0.262195E+01  0.530342E+09  0.161385E+02
 -0.271532E-01 -0.250000E+01 -0.142912E-01  0.126524E+01 -0.182317E+02  0.189731E+09
 2.1000
  0.725606E+06 -0.697545E-03  0.732422E-01 -0.372024E-02  0.669142E+06  0.911458E-01
  0.108991E-03  0.149790E+07 -0.149972E-01  0.399633E+07 -0.603085E-02 -0.683194E+00
  0.169736E-01 -0.819615E-02  0.670070E+07 -0.136905E+01  0.149842E+02 -0.839960E-01
  0.241234E-02  0.410064E+07 -0.124628E+01  0.997130E+08  0.990107E+00 -0.261190E+02
  0.525029E+06  0.511533E-02  0.413691E+01 -0.136905E+01  0.530404E+09 -0.164667E+01
 -0.353423E-01 -0.115885E+01  0.223214E-01 -0.680060E+01 -0.435454E+01  0.195627E+09
 2.1500
  0.730918E+06  0.681323E-03  0.736964E-01  0.127180E-01  0.686690E+06  0.363372E+00
  0.354856E-03  0.155172E+07  0.431504E-02  0.407975E+07 -0.256703E-01 -0.193501E+01
  0.756836E-01  0.386651E-01  0.671349E+07 -0.271076E+01  0.144786E+02  0.363940E-01
  0.298079E-03  0.417556E+07  0.470567E+00  0.997996E+08  0.145337E+01 -0.196438E+02
  0.564260E+06  0.454215E-03 -0.515988E+00  0.122093E+01  0.530962E+09 -0.642714E+00
  0.194404E+00 -0.334302E+00 -0.272529E-01  0.382267E+01 -0.617551E+01  0.198973E+09
 2.2000
  0.690748E+06 -0.133168E-02  0.183993E+00 -0.887784E-02  0.594443E+06  0.404830E+00
  0.440993E-03  0.160245E+07  0.344016E-02  0.414974E+07 -0.716738E-01 -0.258853E+01
  0.892223E-01  0.875022E-01  0.673602E+07  0.126420E+01  0.750344E+01  0.429466E-01
  0.761552E-02  0.422630E+07  0.134766E+01  0.999521E+08  0.173542E+01 -0.149742E+02
  0.539250E+06  0.142045E-01  0.376420E+01  0.318182E+01  0.532206E+09 -0.597989E+01
  0.187322E+00 -0.979115E+00  0.177557E-02 -0.626420E+01 -0.802202E+01  0.200432E+09
 2.2500
  0.800490E+06  0.108507E-03  0.659722E-01 -0.156250E-01  0.748581E+06  0.649522E+00
 -0.488281E-03  0.166238E+07  0.380859E-01  0.421263E+07 -0.742730E-01 -0.260612E+01
  0.397135E-01  0.821398E-01  0.674348E+07  0.750695E+01  0.107100E+02 -0.641819E-01
 -0.282118E-02  0.428216E+07  0.147049E+01  0.999728E+08 -0.268771E+01 -0.162190E+02
  0.628734E+06  0.553385E-01  0.810417E+01  0.477778E+01  0.532445E+09 -0.935333E+01
  0.289931E+00  0.158909E+01  0.295139E-01  0.103750E+02  0.885417E-01  0.202434E+09
 2.3000
  0.805568E+06 -0.318444E-03  0.141602E+00  0.000000E+00  0.760993E+06  0.335428E+00
 -0.100841E-02  0.170448E+07  0.677225E-01  0.426994E+07 -0.130031E-01 -0.402912E+00
  0.371518E-01 -0.228218E-02  0.674052E+07 -0.987772E+01  0.446947E+01  0.999384E-01
  0.164530E-02  0.433691E+07 -0.200408E+01  0.998600E+08  0.630135E+00 -0.705033E+01
  0.613484E+06  0.307829E-01  0.296875E+01 -0.228261E+01  0.531824E+09 -0.370826E+01
 -0.151155E+00 -0.264861E+01 -0.322690E-01 -0.433424E+01  0.721128E+01  0.205956E+09
 2.3500
  0.815993E+06 -0.623338E-03  0.124044E+00 -0.199468E-01  0.768774E+06  0.965135E-01
  0.727227E-03  0.173378E+07 -0.214013E-01  0.432401E+07  0.195832E-01 -0.253732E+01
 -0.515293E-01  0.389067E-01  0.673973E+07 -0.124601E+02  0.237731E+01  0.240453E+00
  0.720734E-02  0.438917E+07 -0.169215E+01  0.997649E+08 -0.313435E+00 -0.545588E+01
  0.614981E+06  0.941240E-01  0.430186E+01 -0.180851E+01  0.531395E+09  0.149201E+02
 -0.358211E+00  0.154920E+01  0.498670E-02  0.984043E+00  0.877826E+01  0.211149E+09
 2.4000
  0.834099E+06 -0.305176E-03  0.905355E-01 -0.651042E-02  0.782018E+06  0.100840E+01
 -0.356038E-03  0.175289E+07 -0.954183E-01  0.438668E+07  0.630697E-02 -0.201925E+00
  0.485738E-01  0.159454E+00  0.674051E+07  0.671224E+01  0.162308E+02 -0.143051E+00
  0.349681E-03  0.444253E+07  0.738932E+00  0.996461E+08 -0.271657E+00  0.435911E+01
  0.636676E+06 -0.258382E-01  0.298177E+01 -0.520833E-01  0.531182E+09 -0.155551E+02
  0.944010E-01 -0.260091E+01 -0.325521E-01 -0.247396E+00  0.731771E+01  0.216828E+09
 2.4500
  0.843167E+06  0.797194E-03  0.100646E+00 -0.255102E-01  0.781639E+06 -0.123166E+00
  0.498246E-04  0.175040E+07  0.717474E-02  0.450201E+07  0.961117E-01 -0.257107E+01
  0.176130E+00  0.154930E+00  0.674656E+07  0.739158E+01  0.372469E+01 -0.117761E+00
  0.629036E-02  0.451994E+07 -0.155293E+01  0.995617E+08  0.281484E+01 -0.102132E+02
  0.657239E+06  0.890864E-01  0.851403E+01 -0.204082E+00  0.531379E+09 -0.112987E+02
  0.122768E+00 -0.303412E+01  0.414541E-01  0.654337E+01 -0.522959E+00  0.219686E+09
 2.5000
  0.835452E+06 -0.976562E-03  0.174219E+00 -0.171875E-01  0.751477E+06  0.170898E+00
 -0.878906E-03  0.210336E+07  0.150391E-01  0.454814E+07  0.358398E-01 -0.310547E+01
  0.396973E-01  0.576904E-01  0.675797E+07 -0.128750E+01  0.379736E+01 -0.109644E+00
  0.249023E-02  0.428918E+07  0.443750E+00  0.995953E+08  0.363574E+00 -0.989729E+01
  0.664992E+06 -0.771484E-01 -0.133125E+01  0.330000E+01  0.531974E+09  0.332581E-01
  0.450000E+00 -0.180781E+01 -0.390625E-01  0.161125E+02 -0.271563E+01  0.217185E+09
 2.5500
  0.924243E+06  0.287224E-03  0.100529E+00  0.000000E+00  0.838842E+06 -0.803390E+00
  0.813802E-03  0.198785E+07 -0.513174E-01  0.444415E+07 -0.136910E-01 -0.725457E+00
  0.141697E+00  0.236242E-01  0.677710E+07  0.616422E+01  0.674714E+01  0.163311E+00
  0.823376E-02  0.444931E+07  0.172794E+01  0.998779E+08  0.120347E+00 -0.291695E+01
  0.745951E+06  0.227865E-01  0.647059E+01 -0.460784E+01  0.533312E+09 -0.779699E+01
  0.137102E+00 -0.374387E+01 -0.183824E-01 -0.612745E+00 -0.626302E+01  0.237223E+09
 2.6000
  0.921508E+06 -0.234751E-03  0.448843E-01  0.000000E+00  0.840222E+06 -0.427716E-01
  0.191322E-02  0.200583E+07 -0.347431E-01  0.446930E+07  0.184573E-02 -0.302150E+00
  0.102750E+00 -0.415509E-01  0.678200E+07  0.743990E+01  0.127922E+02  0.849797E-02
 -0.530977E-02  0.451226E+07 -0.342548E+00  0.998793E+08  0.180476E+01 -0.126475E+02
  0.721876E+06  0.120192E-01  0.898438E+01 -0.865385E+00  0.533308E+09 -0.247799E+02
  0.751202E-03 -0.155649E+01  0.000000E+00  0.130889E+02  0.155799E+02  0.232311E+09
 2.6500
  0.931758E+06 -0.921285E-04  0.155329E+00  0.162146E-01  0.843883E+06  0.280255E+00
 -0.486554E-03  0.201918E+07  0.410893E-01  0.452035E+07 -0.389905E-01 -0.361909E+01
  0.989460E-01  0.267173E-02  0.678399E+07 -0.387382E+01  0.194639E+02  0.467552E-02
 -0.359733E-02  0.457835E+07  0.235849E+00  0.998313E+08  0.762410E+00 -0.246679E+02
  0.715277E+06 -0.595150E-01  0.355542E+01 -0.198113E+01  0.533117E+09 -0.372199E+00
  0.181102E+00 -0.769458E+00 -0.663325E-01 -0.128538E+01 -0.966396E+01  0.236605E+09
 2.7000
  0.939236E+06 -0.180845E-02  0.969329E-01  0.434028E-02  0.846453E+06  0.257433E+00
  0.994647E-03  0.204613E+07 -0.124783E-01  0.456138E+07 -0.338519E-01  0.150504E+01
  0.875515E-01  0.270815E-01  0.678891E+07 -0.392940E+01  0.118866E+02 -0.162082E-01
 -0.248662E-03  0.461708E+07  0.130498E+01  0.998013E+08  0.968764E-01 -0.142239E+02
  0.734800E+06  0.177409E+00  0.181134E+02 -0.120370E+01  0.533144E+09  0.637686E+01
 -0.445964E+00  0.119213E+01 -0.289352E-02  0.123611E+02 -0.277561E+01  0.238342E+09
 2.7500
  0.941365E+06 -0.133168E-02  0.138139E+00 -0.156250E-01  0.841225E+06  0.371538E-01
  0.110973E-02  0.206916E+07 -0.138494E-01  0.459506E+07 -0.232821E-01  0.207569E+00
  0.422141E-01 -0.905540E-02  0.679605E+07 -0.765341E+01  0.291335E+01  0.280540E-01
  0.642534E-02  0.465382E+07  0.208523E+01  0.998056E+08  0.181330E-01 -0.510576E+00
  0.752731E+06  0.474077E-01  0.176250E+02  0.145455E+01  0.533391E+09  0.203399E+02
  0.229759E+00 -0.411932E-01 -0.426136E-01  0.992045E+01 -0.987607E+01  0.240902E+09
 2.8000
  0.101024E+07  0.244141E-02  0.905064E-01 -0.697545E-02  0.827265E+06  0.666155E-01
  0.899179E-03  0.209464E+07  0.409807E-01  0.462899E+07  0.208827E-01 -0.140482E+01
  0.180119E+00  0.794547E-01  0.680801E+07  0.140625E+02  0.776001E+01  0.113787E+00
 -0.762939E-03  0.468208E+07 -0.134208E+01  0.998454E+08 -0.145902E+01 -0.604214E+01
  0.835649E+06 -0.348772E-03  0.111049E+02  0.625000E+00  0.533986E+09  0.171347E+02
  0.251116E-01 -0.411551E-01  0.139509E-02 -0.597098E+01  0.315569E+01  0.243511E+09
 2.8500
  0.997739E+06 -0.261273E-02  0.164474E+00 -0.274123E-02  0.959094E+06 -0.992025E+00
 -0.130637E-02  0.212107E+07 -0.457442E-01  0.463844E+07  0.411184E-01 -0.464631E+01
 -0.114468E+00 -0.163617E-01  0.659314E+07 -0.171327E+02 -0.489750E+01  0.829864E-01
 -0.152588E-02  0.474930E+07 -0.833333E+00  0.991363E+08  0.540654E+00  0.382888E+00
  0.720740E+06  0.279263E-01 -0.112939E+01  0.219298E+01  0.524305E+09  0.462007E+02
 -0.376919E-01  0.351323E+01 -0.178180E-01  0.173575E+02  0.145285E+01  0.245461E+09
 2.9000
  0.997450E+06  0.336746E-03  0.801455E-01 -0.107759E-01  0.897158E+06  0.103810E+01
  0.256769E-02  0.213686E+07 -0.363685E-01  0.467910E+07 -0.316120E-01 -0.200595E+01
  0.437138E-01  0.123965E-01  0.661588E+07  0.420259E+00  0.559583E+01  0.149747E+00
 -0.252559E-03  0.472384E+07 -0.302532E+01  0.992303E+08 -0.410577E+00 -0.682011E+01
  0.728960E+06 -0.143117E-01  0.764009E+01 -0.146552E+01  0.525951E+09 -0.454708E+01
  0.299704E+00 -0.396484E+01 -0.498384E-01  0.574353E+01 -0.611665E+01  0.246670E+09
 2.9500
  0.100120E+07  0.000000E+00  0.136553E+00 -0.198623E-01  0.892845E+06 -0.150473E+01
 -0.372418E-03  0.214857E+07 -0.605800E-01  0.471677E+07  0.151740E+00 -0.731015E+00
  0.465729E-01 -0.881596E-01  0.662641E+07  0.709746E+00 -0.243077E+01  0.729215E-01
  0.173795E-02  0.475778E+07 -0.128178E+01  0.992213E+08  0.967293E+00 -0.636735E+01
  0.731887E+06 -0.144002E-01  0.766949E+01 -0.279661E+01  0.526317E+09 -0.161386E+02
 -0.286017E+00 -0.459481E+00 -0.436970E-01  0.957627E+01 -0.164195E+00  0.248799E+09
 3.0000
  0.100702E+07  0.142415E-02  0.100098E+00 -0.390625E-02  0.837519E+06 -0.129460E+01
 -0.158691E-02  0.215462E+07 -0.537109E-01  0.480415E+07 -0.427653E-01 -0.257764E+01
  0.122416E+00 -0.233114E+00  0.664100E+07  0.470312E+01  0.372374E+01 -0.107676E+00
 -0.561523E-02  0.475838E+07  0.940104E+00  0.991943E+08  0.162915E+01 -0.220100E+02
  0.744803E+06 -0.395508E-01  0.409375E+01 -0.125000E+01  0.527350E+09  0.237476E+01
 -0.247396E+00 -0.125260E+01  0.143229E-01  0.538542E+01  0.930859E+01  0.250782E+09
 3.0500
  0.102689E+07 -0.960553E-03  0.117027E+00 -0.268955E-01  0.817487E+06  0.423604E+00
 -0.160092E-03  0.234738E+07  0.608350E-02  0.478243E+07  0.819672E-01 -0.465456E+01
  0.617256E-01 -0.949547E-01  0.665052E+07 -0.762807E+01 -0.432049E+00 -0.670886E-01
  0.208120E-02  0.456602E+07  0.340676E+00  0.993149E+08 -0.260566E+01  0.724329E+01
  0.770539E+06 -0.262551E-01 -0.379098E+00  0.819672E-01  0.527663E+09  0.115756E+02
 -0.576332E-01 -0.209785E+01 -0.384221E-02  0.103484E+02 -0.698258E+01  0.259772E+09
 3.1000
  0.105342E+07 -0.293363E-02  0.104587E+00  0.882056E-02  0.838598E+06 -0.520965E+00
  0.100413E-02  0.232107E+07  0.554436E-01  0.469660E+07 -0.138451E+00 -0.346471E+01
  0.174344E+00 -0.679951E-01  0.666190E+07 -0.683468E+01  0.662582E+01  0.484934E-01
 -0.185074E-02  0.460429E+07 -0.756048E+00  0.995151E+08  0.886309E+00 -0.348186E+01
  0.801060E+06  0.533172E-01  0.416331E+01 -0.379032E+01  0.528522E+09  0.112015E+02
 -0.292339E+00 -0.239541E+01  0.365423E-01  0.139113E+01 -0.702495E+01  0.265892E+09
 3.1500
  0.104838E+07  0.775050E-03  0.584387E-01  0.161210E-01  0.834564E+06 -0.191926E+01
 -0.160823E-02  0.229926E+07 -0.916109E-01  0.472695E+07 -0.467742E-01 -0.131568E+01
  0.832210E-01 -0.461930E-01  0.666933E+07  0.414682E+01  0.107866E+02 -0.333078E-01
  0.209263E-02  0.467605E+07 -0.982143E+00  0.994965E+08 -0.961023E+00 -0.126767E+02
  0.787321E+06  0.299169E-01  0.522817E+01  0.126984E+01  0.528719E+09 -0.532317E+01
 -0.154700E+00 -0.101687E+01  0.334821E-01  0.351190E+01 -0.861111E+01  0.264115E+09
 3.2000
  0.105179E+07 -0.267029E-03  0.975037E-01  0.585938E-01  0.828892E+06  0.153809E+00
  0.705719E-03  0.230645E+07  0.259399E-01  0.476214E+07 -0.420189E-01 -0.276377E+01
  0.113068E+00 -0.175571E-01  0.667776E+07 -0.855469E+01  0.163312E+02  0.110016E+00
  0.424623E-02  0.473567E+07  0.463867E-01  0.995687E+08 -0.168159E+01 -0.776858E+01
  0.786014E+06 -0.623322E-01  0.509766E+01 -0.265625E+01  0.529013E+09 -0.121319E+02
  0.391540E+00 -0.133911E+01  0.378418E-01  0.256445E+02  0.652939E+01  0.263891E+09
 3.2500
  0.105475E+07  0.525841E-03  0.417668E-01  0.120192E-02  0.769277E+06  0.890926E+00
 -0.577486E-03  0.231530E+07  0.268930E-01  0.481245E+07  0.656738E-01 -0.223072E+01
  0.740873E-01 -0.426495E-01  0.668613E+07 -0.116587E+02  0.143515E+02 -0.484290E-01
  0.466684E-02  0.473854E+07 -0.187981E+01  0.995936E+08 -0.381858E+01  0.553530E+01
  0.781820E+06 -0.362079E-01  0.150000E+02  0.115385E+01  0.529561E+09  0.120972E+02
  0.582933E-01 -0.124279E+01 -0.240385E-01  0.141923E+02 -0.214129E+02  0.264979E+09
 3.3000
  0.111681E+07  0.225645E-02  0.905540E-01 -0.177557E-01  0.809035E+06  0.426627E+00
 -0.915527E-03  0.232861E+07  0.901101E-01  0.482929E+07  0.176632E-01 -0.235335E+01
  0.347993E-01 -0.426599E-01  0.669237E+07 -0.117898E+01  0.941469E+01 -0.208259E-01
  0.739820E-03  0.475818E+07 -0.757576E-01  0.995713E+08 -0.142138E+00 -0.705934E+01
  0.868816E+06 -0.850793E-02  0.123485E+02 -0.227273E+00  0.529767E+09 -0.219035E+01
 -0.380268E+00  0.408381E+00 -0.343277E-01  0.909091E+01  0.172159E+02  0.266172E+09
 3.3500
  0.109176E+07 -0.235031E-02  0.972190E-01 -0.233209E-02  0.819177E+06 -0.154914E+01
  0.346170E-03  0.234237E+07 -0.202600E-01  0.485815E+07 -0.396637E-01 -0.324925E+01
  0.485093E-01 -0.134501E+00  0.669963E+07 -0.529851E+01  0.111596E+02  0.805846E-01
 -0.327950E-02  0.479908E+07 -0.201026E+01  0.996262E+08 -0.108668E+01 -0.100866E+02
  0.824789E+06  0.138468E-02  0.881530E+01 -0.970149E+00  0.530028E+09  0.572411E+01
  0.102029E+00 -0.364681E+01 -0.128265E-01  0.873134E+01 -0.445546E+01  0.267724E+09
 3.4000
  0.108852E+07 -0.150793E-02  0.936351E-01 -0.149357E-01  0.815998E+06  0.580969E+00
  0.376982E-03  0.235121E+07 -0.340361E-01  0.487416E+07  0.103329E+00 -0.256208E+01
  0.136225E+00  0.245411E+00  0.670528E+07 -0.656250E+01  0.126101E+02  0.783673E-01
 -0.240550E-02  0.480995E+07 -0.195312E+00  0.995851E+08  0.176384E+01 -0.740076E+01
  0.816593E+06  0.746783E-02  0.689338E+01  0.176471E+01  0.530158E+09 -0.177687E+02
 -0.236098E+00 -0.509076E+01  0.654871E-01 -0.409927E+01 -0.646255E+01  0.268024E+09
 3.4500
  0.109098E+07 -0.672271E-03  0.129784E+00 -0.294384E-01  0.754492E+06  0.132352E+01
 -0.530740E-03  0.236073E+07  0.169837E-01  0.493436E+07  0.870414E-01 -0.286702E+01
  0.114171E+00 -0.218210E+00  0.671151E+07 -0.293478E+01  0.121945E+02  0.823665E-01
  0.109686E-02  0.480572E+07 -0.638587E+00  0.995711E+08 -0.197174E+01 -0.511453E+01
  0.800986E+06  0.205220E-02  0.585145E+01  0.311594E+01  0.530513E+09 -0.470064E+01
 -0.144928E+00 -0.271739E-01  0.124547E-01  0.139130E+02  0.135643E+02  0.269327E+09
 3.5000
  0.109877E+07  0.132533E-02  0.580357E-01 -0.223214E-01  0.744859E+06  0.116148E+01
  0.101144E-02  0.244041E+07  0.789621E-01  0.495670E+07  0.501535E-01 -0.411541E+01
 -0.657436E-02 -0.114197E+00  0.671764E+07 -0.228571E+01  0.480341E+01  0.662079E-01
  0.118583E-02  0.474399E+07 -0.287946E+00  0.996135E+08  0.139216E+01 -0.729335E+01
  0.809778E+06  0.108259E+00  0.168125E+02 -0.714286E+00  0.530696E+09  0.165308E+02
  0.279018E-01 -0.464509E+01  0.446429E-01  0.168750E+02 -0.549107E+01  0.275303E+09
 3.5500
  0.113393E+07 -0.165053E-02  0.865152E-01  0.000000E+00  0.808830E+06  0.311743E+00
  0.137544E-02  0.249900E+07 -0.552927E-01  0.484058E+07 -0.627888E-01 -0.700305E+00
  0.134054E+00 -0.135382E+00  0.672262E+07  0.133803E+01  0.454534E+01  0.120806E+00
  0.453895E-02  0.467855E+07 -0.816461E+00  0.997887E+08  0.180870E+00 -0.672924E+01
  0.863179E+06  0.160944E+00  0.112060E+02  0.288732E+01  0.530904E+09 -0.838977E+01
  0.379622E+00 -0.451364E+01  0.176056E-01  0.514084E+01 -0.448724E+01  0.284241E+09
 3.6000
  0.111672E+07  0.847711E-03  0.995551E-01  0.108507E-01  0.730136E+06 -0.356852E+00
 -0.133938E-02  0.246312E+07 -0.756836E-01  0.488869E+07  0.863647E-01 -0.358437E+01
  0.155545E+00  0.111262E-01  0.672809E+07 -0.518229E+01  0.515253E+01  0.719256E-01
 -0.532362E-02  0.474344E+07  0.167535E+01  0.997792E+08  0.692071E-01 -0.220095E+02
  0.827274E+06  0.660197E-01  0.488715E+01  0.326389E+01  0.531081E+09  0.133483E+02
  0.349392E+00 -0.496962E+00  0.195312E-01  0.184201E+02  0.122287E+01  0.280394E+09
 3.6500
  0.111793E+07 -0.852820E-03  0.123742E+00  0.214041E-02  0.735092E+06  0.101091E+01
  0.691349E-03  0.245484E+07  0.404003E-01  0.490628E+07  0.582760E-02 -0.440984E+00
  0.465978E-01 -0.356826E-01  0.673261E+07  0.359589E+01  0.424737E+01  0.164613E+00
 -0.635434E-03  0.478222E+07 -0.214041E-01  0.997489E+08 -0.239392E+00 -0.200796E+02
  0.828859E+06 -0.506341E-01  0.865582E+01 -0.184932E+01  0.531187E+09 -0.321706E+01
 -0.531758E-01 -0.556507E+01  0.128425E-01  0.993151E+01 -0.190203E+02  0.279034E+09
 3.7000
  0.112142E+07  0.395904E-03  0.900021E-01 -0.105574E-01  0.734466E+06 -0.538520E+00
 -0.346416E-03  0.245634E+07  0.184755E-02  0.491883E+07 -0.366376E-01 -0.216135E+01
  0.113651E+00 -0.751070E-01  0.673689E+07 -0.708615E+01  0.527760E+01  0.180655E+00
 -0.790931E-02  0.480395E+07 -0.825591E+00  0.997232E+08 -0.199003E+01 -0.245578E+01
  0.835614E+06  0.101813E+00  0.115287E+02 -0.405405E+00  0.531277E+09  0.863777E+01
  0.216691E+00  0.161740E+01 -0.211149E-02  0.152703E+02  0.102547E+02  0.278859E+09
 3.7500
  0.116614E+07  0.265299E-02  0.546875E-01 -0.229167E-01  0.781699E+06  0.451758E+00
  0.651042E-04  0.246645E+07 -0.354167E-01  0.494535E+07 -0.106380E+00 -0.561296E+01
  0.617513E-01  0.121555E-01  0.674176E+07  0.358333E+00  0.184627E+02  0.209805E+00
 -0.271403E-02  0.484432E+07 -0.236250E+01  0.997275E+08  0.206063E+00 -0.813298E+01
  0.894527E+06  0.128190E+00  0.674167E+01 -0.606667E+01  0.531486E+09  0.380326E+01
 -0.320312E-01 -0.309375E+01  0.541667E-01  0.132500E+02  0.512500E+00  0.280219E+09
 3.8000
  0.114374E+07  0.208804E-03  0.142116E+00  0.328947E-01  0.775894E+06  0.281854E+00
 -0.107615E-02  0.247311E+07  0.619346E-01  0.495710E+07 -0.343724E-01 -0.359237E+01
  0.100419E+00  0.989814E-01  0.674578E+07 -0.486020E+01  0.443194E+01  0.199360E+00
  0.388698E-02  0.485563E+07  0.635280E+00  0.996973E+08 -0.133150E+01 -0.106657E+02
  0.858578E+06  0.705759E-01  0.106908E+02 -0.217105E+01  0.531564E+09  0.540180E+01
 -0.186575E+00 -0.896382E+00  0.555099E-01 -0.970395E+00 -0.110650E+02  0.280437E+09
 3.8500
  0.114134E+07 -0.152588E-03  0.355114E-01  0.182630E-01  0.721401E+06 -0.405266E+00
  0.982904E-03  0.248186E+07 -0.577060E-01  0.501198E+07  0.516817E-01 -0.417585E+01
  0.119182E+00  0.212947E+00  0.675034E+07  0.922078E+01  0.119147E+02  0.428346E-01
  0.171216E-02  0.484208E+07 -0.140422E+01  0.996230E+08 -0.393035E+00 -0.129618E+02
  0.870438E+06 -0.182313E-01  0.750812E+01 -0.116883E+01  0.531612E+09 -0.157469E+02
  0.110592E+00 -0.625203E+01 -0.142045E-01  0.157955E+02  0.704140E+00  0.281257E+09
 3.9000
  0.114476E+07  0.939002E-04  0.113431E+00  0.600962E-02  0.699916E+06 -0.527274E+00
  0.143980E-02  0.252560E+07  0.300481E-02  0.503961E+07  0.495167E-01 -0.498141E+01
  0.116116E+00  0.803884E-01  0.675374E+07  0.669872E+01  0.181592E+02 -0.839351E-01
  0.000000E+00  0.478931E+07  0.298478E+00  0.995664E+08  0.190905E+01 -0.105012E+02
  0.878362E+06  0.182401E-01  0.106571E+02  0.000000E+00  0.531659E+09 -0.224015E+02
  0.245393E+00 -0.160657E+01  0.200321E-01  0.717949E+01 -0.611979E+01  0.285244E+09
 3.9500
  0.118089E+07  0.417202E-03  0.129549E+00  0.217563E-01  0.724927E+06  0.119357E+01
 -0.339943E-03  0.258687E+07  0.114962E-01  0.496390E+07  0.101241E+00 -0.769896E+01
  0.984057E-01 -0.878134E-01  0.675724E+07  0.287183E+01  0.160019E+02  0.877477E-01
  0.247231E-03  0.470876E+07  0.326543E+01  0.996772E+08  0.652443E+00 -0.125436E+02
  0.926148E+06 -0.415966E-01  0.123576E+02 -0.411392E+01  0.531766E+09  0.629784E+01
 -0.791139E-01 -0.445807E+01  0.237342E-01  0.490506E+01 -0.805479E+01  0.292991E+09
 4.0000
  0.116481E+07 -0.923157E-03  0.798340E-01 -0.195312E-02  0.759238E+06 -0.432190E+00
 -0.129700E-02  0.256835E+07 -0.876465E-01  0.494180E+07  0.104889E+00 -0.377858E+01
  0.179848E+00 -0.232544E-01  0.676112E+07  0.494531E+01  0.109118E+02  0.552139E-01
 -0.210571E-02  0.478409E+07  0.171875E+00  0.997218E+08 -0.155231E+01 -0.857198E+01
  0.894864E+06  0.235291E-01  0.158906E+02  0.187500E+01  0.531900E+09 -0.103720E+02
  0.206543E+00 -0.397461E+01  0.449219E-01  0.250000E+01 -0.545947E+01  0.291277E+09
 4.0500
  0.116168E+07 -0.241127E-03  0.172164E+00 -0.289352E-01  0.761632E+06 -0.133775E+01
 -0.514278E-03  0.255597E+07  0.327932E-01  0.494828E+07  0.721759E-01  0.258755E+00
  0.182766E-01 -0.167496E+00  0.676454E+07  0.385803E+01  0.450878E+01  0.132618E+00
  0.670633E-03  0.482243E+07  0.173225E+01  0.997075E+08  0.633907E+00 -0.186291E+01
  0.891121E+06  0.238022E+00  0.157639E+02 -0.265432E+01  0.531979E+09  0.613785E+01
  0.102358E+00  0.154321E-01 -0.115741E-01  0.478395E+00  0.124178E+02  0.289415E+09
 4.1000
  0.117113E+07 -0.595465E-03  0.564501E-01  0.285823E-01  0.736325E+06 -0.115199E+01
  0.498702E-03  0.255231E+07  0.259623E-01  0.495718E+07 -0.178863E-01 -0.403994E+01
 -0.207296E-02  0.279031E+00  0.676783E+07 -0.692073E+01  0.747751E+01 -0.232269E-01
 -0.241908E-02  0.484355E+07  0.933689E-01  0.996875E+08 -0.154331E+01 -0.212081E+02
  0.907519E+06  0.731529E-01  0.114634E+02  0.000000E+00  0.532025E+09 -0.391033E+01
  0.319169E-01 -0.387957E+01 -0.628811E-01  0.259146E+00 -0.203006E+01  0.288817E+09
 4.1500
  0.119136E+07 -0.869567E-03  0.590644E-01 -0.188253E-02  0.781035E+06  0.428982E+00
  0.264731E-03  0.255240E+07  0.352974E-02  0.496548E+07  0.123541E-02 -0.592206E+01
  0.779779E-01 -0.135487E+00  0.677074E+07  0.288404E+01  0.100854E+02 -0.716575E-01
 -0.988328E-02  0.485491E+07 -0.101092E+01  0.996673E+08  0.204090E+01 -0.131807E+02
  0.935931E+06 -0.671019E-01  0.725904E+01 -0.126506E+01  0.532149E+09  0.195689E+01
  0.510401E+00 -0.144014E+00 -0.847139E-01  0.121235E+02 -0.171969E+01  0.289043E+09
 4.2000
  0.117762E+07 -0.712077E-03  0.147879E+00 -0.558036E-02  0.801756E+06 -0.392950E-01
  0.668480E-03  0.256024E+07  0.202288E-01  0.497835E+07  0.628953E-01 -0.160307E+01
  0.116475E+00  0.177387E+00  0.677351E+07  0.180804E+01  0.104157E+02  0.838834E-01
 -0.726609E-03  0.485642E+07 -0.249628E+01  0.996385E+08  0.690337E+00 -0.662720E+01
  0.918486E+06 -0.290062E-01  0.117485E+02  0.654762E+00  0.532228E+09 -0.755487E+01
 -0.883557E-01 -0.209914E+01 -0.186012E-02  0.848214E+01  0.799293E+01  0.289182E+09
 4.2500
  0.117585E+07 -0.218649E-02  0.161765E+00  0.000000E+00  0.798008E+06 -0.584932E+00
  0.152229E-02  0.258312E+07 -0.528493E-02  0.499378E+07 -0.547737E-01 -0.378416E+01
  0.855497E-01 -0.603027E-01  0.677620E+07 -0.635294E+01  0.112734E+02  0.914019E-01
  0.904756E-02  0.483199E+07  0.551471E-02  0.996057E+08  0.132181E+00 -0.784852E+01
  0.917266E+06  0.367647E-02  0.965441E+01 -0.482353E+01  0.532279E+09  0.352197E+01
  0.243566E-01 -0.145956E+01 -0.367647E-01  0.597059E+01 -0.221691E+01  0.291338E+09
 4.3000
  0.120384E+07  0.929722E-03  0.897075E-01 -0.908430E-02  0.775113E+06  0.300236E+00
  0.227108E-03  0.264110E+07  0.154433E-01  0.498274E+07  0.794876E-01 -0.937642E+00
  0.608435E-01 -0.769327E-01  0.677907E+07  0.118459E+01  0.118953E+02 -0.554994E-02
 -0.369050E-02  0.476599E+07  0.185683E+01  0.996210E+08  0.318700E+01 -0.345459E+01
  0.952551E+06  0.441281E-01  0.153634E+02 -0.406977E+00  0.532311E+09 -0.534759E+01
  0.544604E+00 -0.156795E+01 -0.163517E-01  0.194767E+02  0.502816E+01  0.297858E+09
 4.3500
  0.119764E+07 -0.189419E-02  0.148168E+00  0.143678E-01  0.827912E+06  0.106131E+01
 -0.701554E-04  0.264140E+07 -0.386135E-01  0.493658E+07  0.196154E-01 -0.400569E+01
  0.553877E-01 -0.533181E-01  0.678171E+07 -0.231322E+01  0.613102E+01  0.170534E+00
  0.637011E-02  0.477770E+07  0.224497E+00  0.996896E+08  0.316687E+01 -0.876664E+01
  0.944776E+06 -0.644868E-01  0.607759E+01 -0.252874E+01  0.532441E+09 -0.185965E+02
  0.111800E+00 -0.183908E+01  0.359195E-01  0.148420E+02  0.573590E+01  0.298789E+09
 4.4000
  0.118959E+07 -0.138716E-03  0.676935E-01  0.124290E-01  0.832497E+06  0.233864E+01
 -0.132821E-02  0.262186E+07  0.732422E-01  0.493291E+07 -0.232697E-01 -0.552053E+01
 -0.105494E-01  0.645586E-01  0.678434E+07  0.202415E+01  0.628969E+01  0.318042E-01
  0.885010E-02  0.482230E+07  0.671165E+00  0.996900E+08  0.306979E-01 -0.161249E+02
  0.933629E+06  0.405051E-02  0.617188E+01  0.738636E+00  0.532503E+09 -0.412209E+00
 -0.287975E-01 -0.655717E+01 -0.532670E-02  0.336648E+01 -0.994207E+00  0.296225E+09
 4.4500
  0.119707E+07 -0.263000E-02  0.974368E-01  0.122893E-01  0.821941E+06 -0.416685E+00
  0.937494E-03  0.261486E+07  0.629828E-01  0.494096E+07  0.552720E-01 -0.543377E+01
  0.296329E-01 -0.497814E-01  0.678682E+07  0.757725E+01  0.178920E+02 -0.140017E+00
  0.645327E-02  0.484668E+07  0.481039E+00  0.996720E+08  0.146525E+01 -0.132621E+02
  0.945586E+06 -0.654105E-01  0.123666E+02  0.112360E+01  0.532545E+09 -0.542991E+01
 -0.244909E+00  0.222963E+00 -0.351124E-01  0.588483E+01  0.157649E+02  0.295282E+09
 4.5000
  0.121759E+07 -0.210910E-02  0.152778E+00 -0.190972E-01  0.846998E+06 -0.389757E+00
  0.122070E-03  0.261580E+07 -0.138889E+00  0.494976E+07 -0.941162E-01 -0.184371E+01
 -0.248345E-01 -0.130663E+00  0.678916E+07  0.179861E+01  0.753574E+01 -0.141676E+00
  0.190565E-02  0.485686E+07  0.711806E+00  0.996518E+08 -0.847846E+00 -0.206205E+02
  0.976050E+06  0.192871E-01  0.712500E+01  0.472222E+01  0.532632E+09 -0.164157E+02
 -0.273221E+00 -0.355556E+01  0.156250E-01  0.770833E+01 -0.245356E+01  0.295640E+09
 4.5500
  0.120334E+07 -0.260238E-02  0.110963E+00 -0.686813E-02  0.863034E+06  0.217205E+00
 -0.154265E-02  0.262378E+07 -0.244677E-01  0.495816E+07 -0.901711E-01 -0.308478E+01
 -0.273384E-01 -0.467757E-01  0.679138E+07  0.110577E+01  0.503599E+01  0.743824E-02
 -0.563401E-02  0.485362E+07  0.115213E+01  0.996313E+08  0.653921E+00 -0.288594E+02
  0.955494E+06 -0.250579E-01  0.396291E+01 -0.181319E+01  0.532699E+09  0.561872E+01
 -0.974416E-01 -0.516312E+01  0.000000E+00  0.180357E+02 -0.348257E+01  0.295906E+09
 4.6000
  0.120316E+07  0.192393E-02  0.109545E+00  0.118886E-01  0.859317E+06  0.686619E+00
  0.152588E-02  0.264735E+07  0.467052E-02  0.496137E+07 -0.474747E-01 -0.451467E+01
  0.756902E-01 -0.211460E+00  0.679352E+07 -0.920516E+01  0.142147E+02 -0.179317E+00
 -0.206989E-02  0.482281E+07 -0.760870E+00  0.996196E+08 -0.796190E+00 -0.148813E+02
  0.956416E+06 -0.586999E-01  0.750679E+01  0.760870E+00  0.532738E+09 -0.475650E+00
 -0.267493E-01 -0.372452E+01  0.934103E-01  0.158560E+02  0.108101E+01  0.298214E+09
 4.6500
  0.122703E+07  0.577537E-03  0.390625E-01  0.151210E-01  0.864998E+06  0.191112E+01
  0.166698E-02  0.268385E+07 -0.554435E-01  0.493596E+07  0.585412E-02 -0.486882E+01
  0.113834E+00 -0.197544E-02  0.679562E+07 -0.168011E+00  0.139613E+02  0.715883E-01
 -0.519783E-02  0.476964E+07  0.431788E+00  0.996578E+08  0.428149E+01 -0.448238E+01
  0.993830E+06  0.861843E-01  0.649193E+01 -0.483871E+00  0.532791E+09 -0.544365E+01
 -0.223454E+00 -0.131720E+01  0.336021E-02  0.986559E+01 -0.429435E+01  0.302672E+09
 4.7000
  0.121711E+07  0.000000E+00  0.982796E-01 -0.498670E-02  0.887290E+06  0.105354E+01
  0.649310E-03  0.268164E+07  0.365692E-01  0.491790E+07  0.477113E-01 -0.383064E+01
  0.468672E-01 -0.708982E-01  0.679783E+07 -0.434840E+01  0.714988E+01  0.127265E-02
  0.389586E-02  0.479221E+07 -0.221077E+00  0.996838E+08 -0.179285E+01 -0.176346E+02
  0.977163E+06  0.898645E-01  0.104122E+02 -0.207447E+01  0.532872E+09 -0.657247E+01
  0.285073E+00 -0.887633E+00 -0.615027E-01  0.545213E+00  0.152236E+02  0.302863E+09
 4.7500
  0.121247E+07 -0.192743E-03  0.129934E+00 -0.197368E-01  0.886960E+06  0.921258E+00
 -0.642475E-04  0.266670E+07  0.167558E+00  0.491996E+07  0.748805E-01 -0.443549E+01
  0.130108E+00 -0.200645E-01  0.679987E+07  0.465790E+01  0.712028E+01 -0.110486E+00
 -0.930947E-02  0.482587E+07 -0.828947E+00  0.996775E+08 -0.585507E+00 -0.127038E+02
  0.971860E+06 -0.151213E+00  0.135987E+02  0.226316E+01  0.532916E+09  0.807463E+01
 -0.175987E+00 -0.216941E+01 -0.345395E-01  0.130132E+02 -0.382360E+01  0.300857E+09
 4.8000
  0.122890E+07  0.336329E-02  0.157471E+00  0.488281E-02  0.886433E+06 -0.231201E+01
  0.779231E-03  0.266074E+07 -0.923665E-01  0.492662E+07  0.390784E-01 -0.241741E+01
  0.213140E+00 -0.800196E-01  0.680182E+07 -0.401693E+01  0.588313E+01  0.701968E-01
 -0.295500E-02  0.484352E+07  0.120443E+00  0.996626E+08 -0.328276E+00 -0.418916E+01
  0.997768E+06  0.788371E-02  0.695963E+01 -0.166667E+01  0.532959E+09  0.296773E+01
 -0.313060E+00 -0.356608E+01 -0.260417E-01  0.468750E+00 -0.921010E+01  0.300196E+09
 4.8500
  0.122797E+07 -0.237848E-02  0.170747E+00 -0.805412E-02  0.910204E+06 -0.217260E+01
  0.471921E-04  0.266403E+07 -0.666479E-01  0.493326E+07 -0.721285E-01 -0.406122E+01
  0.818375E-01 -0.145125E+00  0.680368E+07 -0.354381E+00  0.192740E+02  0.290748E+00
 -0.181218E-02  0.484675E+07 -0.109214E+01  0.996470E+08  0.893756E+00 -0.992620E+01
  0.997476E+06  0.400189E-01  0.663660E+01 -0.237113E+01  0.533033E+09 -0.208803E+00
 -0.360925E+00 -0.157378E+01  0.241624E-01  0.118428E+02  0.412618E+01  0.300434E+09
 4.9000
  0.122094E+07 -0.523158E-02  0.711496E-01  0.000000E+00  0.911459E+06  0.261400E+01
  0.231684E-02  0.267844E+07  0.168607E+00  0.493657E+07  0.391746E-01 -0.400303E+01
  0.568374E-01 -0.104756E-01  0.680548E+07  0.242347E+00  0.866761E+01 -0.125714E+00
  0.178123E-02  0.483061E+07  0.200574E+01  0.996371E+08  0.256148E+00 -0.198600E+02
  0.987617E+06 -0.150969E-01  0.167602E+02 -0.132653E+01  0.533071E+09  0.400520E+02
  0.176479E+00 -0.945472E+00  0.605867E-01  0.556122E+01  0.304309E+01  0.301647E+09
 4.9500
  0.123313E+07  0.143032E-02  0.226681E+00  0.142045E-01  0.911103E+06  0.145310E+01
 -0.113439E-02  0.270531E+07  0.887784E-02  0.492587E+07  0.204684E-01 -0.671611E+01
  0.563496E-02 -0.404435E-02  0.680722E+07 -0.422980E+00  0.165688E+02  0.169357E-01
  0.863123E-03  0.479266E+07 -0.184659E+01  0.996514E+08  0.440390E+00 -0.101676E+02
  0.100661E+07  0.123303E-01  0.124242E+02  0.808081E+00  0.533108E+09 -0.165098E+02
  0.350576E+00 -0.204388E+01 -0.220960E-01  0.141793E+02 -0.109967E+01  0.304814E+09
 5.0000
  0.123670E+07  0.805664E-03  0.105273E+00  0.468750E-02  0.932015E+06  0.376953E+00
  0.184326E-02  0.271385E+07 -0.103516E-01  0.490724E+07  0.872925E-01 -0.252258E+01
  0.174084E+00  0.832275E-01  0.680894E+07  0.311250E+01  0.169331E+02 -0.999145E-02
 -0.122070E-02  0.478562E+07 -0.217500E+01  0.996794E+08 -0.101216E+01 -0.122950E+02
  0.101293E+07  0.287109E-01  0.100125E+02 -0.220000E+01  0.533176E+09 -0.105202E+02
 -0.375684E+00 -0.332188E+01 -0.937500E-02  0.129000E+02 -0.830762E+01  0.306119E+09
