144 
105 
0.000000E+00 0.000000E+00 5.000000E+00 
5.000000E+00 0.000000E+00 5.000000E+00 
5.000000E+00 0.000000E+00 -2.500000E+00 
0.000000E+00 0.000000E+00 -2.500000E+00 
0.000000E+00 0.000000E+00 5.000000E+00 
4.979871E+00 4.481965E-01 5.000000E+00 
4.979871E+00 4.481965E-01 -2.500000E+00 
0.000000E+00 0.000000E+00 -2.500000E+00 
0.000000E+00 0.000000E+00 5.000000E+00 
4.919648E+00 8.927845E-01 5.000000E+00 
4.919648E+00 8.927845E-01 -2.500000E+00 
0.000000E+00 0.000000E+00 -2.500000E+00 
0.000000E+00 0.000000E+00 5.000000E+00 
4.819814E+00 1.330184E+00 5.000000E+00 
4.819814E+00 1.330184E+00 -2.500000E+00 
0.000000E+00 0.000000E+00 -2.500000E+00 
0.000000E+00 0.000000E+00 5.000000E+00 
4.681174E+00 1.756874E+00 5.000000E+00 
4.681174E+00 1.756874E+00 -2.500000E+00 
0.000000E+00 0.000000E+00 -2.500000E+00 
0.000000E+00 0.000000E+00 5.000000E+00 
4.504844E+00 2.169419E+00 5.000000E+00 
4.504844E+00 2.169419E+00 -2.500000E+00 
0.000000E+00 0.000000E+00 -2.500000E+00 
0.000000E+00 0.000000E+00 5.000000E+00 
4.292244E+00 2.564496E+00 5.000000E+00 
4.292244E+00 2.564496E+00 -2.500000E+00 
0.000000E+00 0.000000E+00 -2.500000E+00 
0.000000E+00 0.000000E+00 5.000000E+00 
4.045085E+00 2.938926E+00 5.000000E+00 
4.045085E+00 2.938926E+00 -2.500000E+00 
0.000000E+00 0.000000E+00 -2.500000E+00 
0.000000E+00 0.000000E+00 5.000000E+00 
3.765357E+00 3.289694E+00 5.000000E+00 
3.765357E+00 3.289694E+00 -2.500000E+00 
0.000000E+00 0.000000E+00 -2.500000E+00 
0.000000E+00 0.000000E+00 5.000000E+00 
3.455313E+00 3.613974E+00 5.000000E+00 
3.455313E+00 3.613974E+00 -2.500000E+00 
0.000000E+00 0.000000E+00 -2.500000E+00 
0.000000E+00 0.000000E+00 5.000000E+00 
3.117449E+00 3.909157E+00 5.000000E+00 
3.117449E+00 3.909157E+00 -2.500000E+00 
0.000000E+00 0.000000E+00 -2.500000E+00 
0.000000E+00 0.000000E+00 5.000000E+00 
2.754485E+00 4.172866E+00 5.000000E+00 
2.754485E+00 4.172866E+00 -2.500000E+00 
0.000000E+00 0.000000E+00 -2.500000E+00 
0.000000E+00 0.000000E+00 5.000000E+00 
2.369343E+00 4.402978E+00 5.000000E+00 
2.369343E+00 4.402978E+00 -2.500000E+00 
0.000000E+00 0.000000E+00 -2.500000E+00 
0.000000E+00 0.000000E+00 5.000000E+00 
1.965125E+00 4.597639E+00 5.000000E+00 
1.965125E+00 4.597639E+00 -2.500000E+00 
0.000000E+00 0.000000E+00 -2.500000E+00 
0.000000E+00 0.000000E+00 5.000000E+00 
1.545085E+00 4.755283E+00 5.000000E+00 
1.545085E+00 4.755283E+00 -2.500000E+00 
0.000000E+00 0.000000E+00 -2.500000E+00 
0.000000E+00 0.000000E+00 5.000000E+00 
1.112605E+00 4.874640E+00 5.000000E+00 
1.112605E+00 4.874640E+00 -2.500000E+00 
0.000000E+00 0.000000E+00 -2.500000E+00 
0.000000E+00 0.000000E+00 5.000000E+00 
6.711663E-01 4.954749E+00 5.000000E+00 
6.711663E-01 4.954749E+00 -2.500000E+00 
0.000000E+00 0.000000E+00 -2.500000E+00 
0.000000E+00 0.000000E+00 5.000000E+00 
2.243242E-01 4.994965E+00 5.000000E+00 
2.243242E-01 4.994965E+00 -2.500000E+00 
0.000000E+00 0.000000E+00 -2.500000E+00 
-0.000000E+00 0.000000E+00 5.000000E+00 
-2.243242E-01 4.994965E+00 5.000000E+00 
-2.243242E-01 4.994965E+00 -2.500000E+00 
-0.000000E+00 0.000000E+00 -2.500000E+00 
-0.000000E+00 0.000000E+00 5.000000E+00 
-6.711663E-01 4.954749E+00 5.000000E+00 
-6.711663E-01 4.954749E+00 -2.500000E+00 
-0.000000E+00 0.000000E+00 -2.500000E+00 
-0.000000E+00 0.000000E+00 5.000000E+00 
-1.112605E+00 4.874640E+00 5.000000E+00 
-1.112605E+00 4.874640E+00 -2.500000E+00 
-0.000000E+00 0.000000E+00 -2.500000E+00 
-0.000000E+00 0.000000E+00 5.000000E+00 
-1.545085E+00 4.755283E+00 5.000000E+00 
-1.545085E+00 4.755283E+00 -2.500000E+00 
-0.000000E+00 0.000000E+00 -2.500000E+00 
-0.000000E+00 0.000000E+00 5.000000E+00 
-1.965125E+00 4.597639E+00 5.000000E+00 
-1.965125E+00 4.597639E+00 -2.500000E+00 
-0.000000E+00 0.000000E+00 -2.500000E+00 
-0.000000E+00 0.000000E+00 5.000000E+00 
-2.369343E+00 4.402978E+00 5.000000E+00 
-2.369343E+00 4.402978E+00 -2.500000E+00 
-0.000000E+00 0.000000E+00 -2.500000E+00 
-0.000000E+00 0.000000E+00 5.000000E+00 
-2.754485E+00 4.172866E+00 5.000000E+00 
-2.754485E+00 4.172866E+00 -2.500000E+00 
-0.000000E+00 0.000000E+00 -2.500000E+00 
-0.000000E+00 0.000000E+00 5.000000E+00 
-3.117449E+00 3.909157E+00 5.000000E+00 
-3.117449E+00 3.909157E+00 -2.500000E+00 
-0.000000E+00 0.000000E+00 -2.500000E+00 
-0.000000E+00 0.000000E+00 5.000000E+00 
-3.455313E+00 3.613974E+00 5.000000E+00 
-3.455313E+00 3.613974E+00 -2.500000E+00 
-0.000000E+00 0.000000E+00 -2.500000E+00 
-0.000000E+00 0.000000E+00 5.000000E+00 
-3.765357E+00 3.289694E+00 5.000000E+00 
-3.765357E+00 3.289694E+00 -2.500000E+00 
-0.000000E+00 0.000000E+00 -2.500000E+00 
-0.000000E+00 0.000000E+00 5.000000E+00 
-4.045085E+00 2.938926E+00 5.000000E+00 
-4.045085E+00 2.938926E+00 -2.500000E+00 
-0.000000E+00 0.000000E+00 -2.500000E+00 
-0.000000E+00 0.000000E+00 5.000000E+00 
-4.292244E+00 2.564496E+00 5.000000E+00 
-4.292244E+00 2.564496E+00 -2.500000E+00 
-0.000000E+00 0.000000E+00 -2.500000E+00 
-0.000000E+00 0.000000E+00 5.000000E+00 
-4.504844E+00 2.169419E+00 5.000000E+00 
-4.504844E+00 2.169419E+00 -2.500000E+00 
-0.000000E+00 0.000000E+00 -2.500000E+00 
-0.000000E+00 0.000000E+00 5.000000E+00 
-4.681174E+00 1.756874E+00 5.000000E+00 
-4.681174E+00 1.756874E+00 -2.500000E+00 
-0.000000E+00 0.000000E+00 -2.500000E+00 
-0.000000E+00 0.000000E+00 5.000000E+00 
-4.819814E+00 1.330184E+00 5.000000E+00 
-4.819814E+00 1.330184E+00 -2.500000E+00 
-0.000000E+00 0.000000E+00 -2.500000E+00 
-0.000000E+00 0.000000E+00 5.000000E+00 
-4.919648E+00 8.927845E-01 5.000000E+00 
-4.919648E+00 8.927845E-01 -2.500000E+00 
-0.000000E+00 0.000000E+00 -2.500000E+00 
-0.000000E+00 0.000000E+00 5.000000E+00 
-4.979871E+00 4.481965E-01 5.000000E+00 
-4.979871E+00 4.481965E-01 -2.500000E+00 
-0.000000E+00 0.000000E+00 -2.500000E+00 
-0.000000E+00 0.000000E+00 5.000000E+00 
-5.000000E+00 6.123234E-16 5.000000E+00 
-5.000000E+00 6.123234E-16 -2.500000E+00 
-0.000000E+00 0.000000E+00 -2.500000E+00 
1 2 6 5 
5 6 10 9 
9 10 14 13 
13 14 18 17 
17 18 22 21 
21 22 26 25 
25 26 30 29 
29 30 34 33 
33 34 38 37 
37 38 42 41 
41 42 46 45 
45 46 50 49 
49 50 54 53 
53 54 58 57 
57 58 62 61 
61 62 66 65 
65 66 70 69 
69 70 74 73 
73 74 78 77 
77 78 82 81 
81 82 86 85 
85 86 90 89 
89 90 94 93 
93 94 98 97 
97 98 102 101 
101 102 106 105 
105 106 110 109 
109 110 114 113 
113 114 118 117 
117 118 122 121 
121 122 126 125 
125 126 130 129 
129 130 134 133 
133 134 138 137 
137 138 142 141 
2 3 7 6 
6 7 11 10 
10 11 15 14 
14 15 19 18 
18 19 23 22 
22 23 27 26 
26 27 31 30 
30 31 35 34 
34 35 39 38 
38 39 43 42 
42 43 47 46 
46 47 51 50 
50 51 55 54 
54 55 59 58 
58 59 63 62 
62 63 67 66 
66 67 71 70 
70 71 75 74 
74 75 79 78 
78 79 83 82 
82 83 87 86 
86 87 91 90 
90 91 95 94 
94 95 99 98 
98 99 103 102 
102 103 107 106 
106 107 111 110 
110 111 115 114 
114 115 119 118 
118 119 123 122 
122 123 127 126 
126 127 131 130 
130 131 135 134 
134 135 139 138 
138 139 143 142 
3 4 8 7 
7 8 12 11 
11 12 16 15 
15 16 20 19 
19 20 24 23 
23 24 28 27 
27 28 32 31 
31 32 36 35 
35 36 40 39 
39 40 44 43 
43 44 48 47 
47 48 52 51 
51 52 56 55 
55 56 60 59 
59 60 64 63 
63 64 68 67 
67 68 72 71 
71 72 76 75 
75 76 80 79 
79 80 84 83 
83 84 88 87 
87 88 92 91 
91 92 96 95 
95 96 100 99 
99 100 104 103 
103 104 108 107 
107 108 112 111 
111 112 116 115 
115 116 120 119 
119 120 124 123 
123 124 128 127 
127 128 132 131 
131 132 136 135 
135 136 140 139 
139 140 144 143 
