                    2          1
             1              20.0000000             -10.0000000             -10.0000000
             2              20.0000000             -10.0000000              -8.5714283
             3              20.0000000             -10.0000000              -7.1428571
             4              20.0000000             -10.0000000              -5.7142859
             5              20.0000000             -10.0000000              -4.2857141
             6              20.0000000             -10.0000000              -2.8571429
             7              20.0000000             -10.0000000              -1.4285717
             8              20.0000000             -10.0000000               0.0000000
             9              18.5185184             -10.0000000             -10.0000000
            10              18.5185184             -10.0000000              -8.5714283
            11              18.5185184             -10.0000000              -7.1428571
            12              18.5185184             -10.0000000              -5.7142859
            13              18.5185184             -10.0000000              -4.2857141
            14              18.5185184             -10.0000000              -2.8571429
            15              18.5185184             -10.0000000              -1.4285717
            16              18.5185184             -10.0000000               0.0000000
            17              17.0370369             -10.0000000             -10.0000000
            18              17.0370369             -10.0000000              -8.5714283
            19              17.0370369             -10.0000000              -7.1428571
            20              17.0370369             -10.0000000              -5.7142859
            21              17.0370369             -10.0000000              -4.2857141
            22              17.0370369             -10.0000000              -2.8571429
            23              17.0370369             -10.0000000              -1.4285717
            24              17.0370369             -10.0000000               0.0000000
            25              15.5555553             -10.0000000             -10.0000000
            26              15.5555553             -10.0000000              -8.5714283
            27              15.5555553             -10.0000000              -7.1428571
            28              15.5555553             -10.0000000              -5.7142859
            29              15.5555553             -10.0000000              -4.2857141
            30              15.5555553             -10.0000000              -2.8571429
            31              15.5555553             -10.0000000              -1.4285717
            32              15.5555553             -10.0000000               0.0000000
            33              14.0740738             -10.0000000             -10.0000000
            34              14.0740738             -10.0000000              -8.5714283
            35              14.0740738             -10.0000000              -7.1428571
            36              14.0740738             -10.0000000              -5.7142859
            37              14.0740738             -10.0000000              -4.2857141
            38              14.0740738             -10.0000000              -2.8571429
            39              14.0740738             -10.0000000              -1.4285717
            40              14.0740738             -10.0000000               0.0000000
            41              12.5925922             -10.0000000             -10.0000000
            42              12.5925922             -10.0000000              -8.5714283
            43              12.5925922             -10.0000000              -7.1428571
            44              12.5925922             -10.0000000              -5.7142859
            45              12.5925922             -10.0000000              -4.2857141
            46              12.5925922             -10.0000000              -2.8571429
            47              12.5925922             -10.0000000              -1.4285717
            48              12.5925922             -10.0000000               0.0000000
            49              11.1111107             -10.0000000             -10.0000000
            50              11.1111107             -10.0000000              -8.5714283
            51              11.1111107             -10.0000000              -7.1428571
            52              11.1111107             -10.0000000              -5.7142859
            53              11.1111107             -10.0000000              -4.2857141
            54              11.1111107             -10.0000000              -2.8571429
            55              11.1111107             -10.0000000              -1.4285717
            56              11.1111107             -10.0000000               0.0000000
            57               9.6296301             -10.0000000             -10.0000000
            58               9.6296301             -10.0000000              -8.5714283
            59               9.6296301             -10.0000000              -7.1428571
            60               9.6296301             -10.0000000              -5.7142859
            61               9.6296301             -10.0000000              -4.2857141
            62               9.6296301             -10.0000000              -2.8571429
            63               9.6296301             -10.0000000              -1.4285717
            64               9.6296301             -10.0000000               0.0000000
            65               8.1481485             -10.0000000             -10.0000000
            66               8.1481485             -10.0000000              -8.5714283
            67               8.1481485             -10.0000000              -7.1428571
            68               8.1481485             -10.0000000              -5.7142859
            69               8.1481485             -10.0000000              -4.2857141
            70               8.1481485             -10.0000000              -2.8571429
            71               8.1481485             -10.0000000              -1.4285717
            72               8.1481485             -10.0000000               0.0000000
            73               6.6666670             -10.0000000             -10.0000000
            74               6.6666670             -10.0000000              -8.5714283
            75               6.6666670             -10.0000000              -7.1428571
            76               6.6666670             -10.0000000              -5.7142859
            77               6.6666670             -10.0000000              -4.2857141
            78               6.6666670             -10.0000000              -2.8571429
            79               6.6666670             -10.0000000              -1.4285717
            80               6.6666670             -10.0000000               0.0000000
            81               5.1851854             -10.0000000             -10.0000000
            82               5.1851854             -10.0000000              -8.5714283
            83               5.1851854             -10.0000000              -7.1428571
            84               5.1851854             -10.0000000              -5.7142859
            85               5.1851854             -10.0000000              -4.2857141
            86               5.1851854             -10.0000000              -2.8571429
            87               5.1851854             -10.0000000              -1.4285717
            88               5.1851854             -10.0000000               0.0000000
            89               3.7037029             -10.0000000             -10.0000000
            90               3.7037029             -10.0000000              -8.5714283
            91               3.7037029             -10.0000000              -7.1428571
            92               3.7037029             -10.0000000              -5.7142859
            93               3.7037029             -10.0000000              -4.2857141
            94               3.7037029             -10.0000000              -2.8571429
            95               3.7037029             -10.0000000              -1.4285717
            96               3.7037029             -10.0000000               0.0000000
            97               2.2222214             -10.0000000             -10.0000000
            98               2.2222214             -10.0000000              -8.5714283
            99               2.2222214             -10.0000000              -7.1428571
           100               2.2222214             -10.0000000              -5.7142859
           101               2.2222214             -10.0000000              -4.2857141
           102               2.2222214             -10.0000000              -2.8571429
           103               2.2222214             -10.0000000              -1.4285717
           104               2.2222214             -10.0000000               0.0000000
           105               0.7407398             -10.0000000             -10.0000000
           106               0.7407398             -10.0000000              -8.5714283
           107               0.7407398             -10.0000000              -7.1428571
           108               0.7407398             -10.0000000              -5.7142859
           109               0.7407398             -10.0000000              -4.2857141
           110               0.7407398             -10.0000000              -2.8571429
           111               0.7407398             -10.0000000              -1.4285717
           112               0.7407398             -10.0000000               0.0000000
           113              -0.7407398             -10.0000000             -10.0000000
           114              -0.7407398             -10.0000000              -8.5714283
           115              -0.7407398             -10.0000000              -7.1428571
           116              -0.7407398             -10.0000000              -5.7142859
           117              -0.7407398             -10.0000000              -4.2857141
           118              -0.7407398             -10.0000000              -2.8571429
           119              -0.7407398             -10.0000000              -1.4285717
           120              -0.7407398             -10.0000000               0.0000000
           121              -2.2222214             -10.0000000             -10.0000000
           122              -2.2222214             -10.0000000              -8.5714283
           123              -2.2222214             -10.0000000              -7.1428571
           124              -2.2222214             -10.0000000              -5.7142859
           125              -2.2222214             -10.0000000              -4.2857141
           126              -2.2222214             -10.0000000              -2.8571429
           127              -2.2222214             -10.0000000              -1.4285717
           128              -2.2222214             -10.0000000               0.0000000
           129              -3.7037029             -10.0000000             -10.0000000
           130              -3.7037029             -10.0000000              -8.5714283
           131              -3.7037029             -10.0000000              -7.1428571
           132              -3.7037029             -10.0000000              -5.7142859
           133              -3.7037029             -10.0000000              -4.2857141
           134              -3.7037029             -10.0000000              -2.8571429
           135              -3.7037029             -10.0000000              -1.4285717
           136              -3.7037029             -10.0000000               0.0000000
           137              -5.1851845             -10.0000000             -10.0000000
           138              -5.1851845             -10.0000000              -8.5714283
           139              -5.1851845             -10.0000000              -7.1428571
           140              -5.1851845             -10.0000000              -5.7142859
           141              -5.1851845             -10.0000000              -4.2857141
           142              -5.1851845             -10.0000000              -2.8571429
           143              -5.1851845             -10.0000000              -1.4285717
           144              -5.1851845             -10.0000000               0.0000000
           145              -6.6666660             -10.0000000             -10.0000000
           146              -6.6666660             -10.0000000              -8.5714283
           147              -6.6666660             -10.0000000              -7.1428571
           148              -6.6666660             -10.0000000              -5.7142859
           149              -6.6666660             -10.0000000              -4.2857141
           150              -6.6666660             -10.0000000              -2.8571429
           151              -6.6666660             -10.0000000              -1.4285717
           152              -6.6666660             -10.0000000               0.0000000
           153              -8.1481476             -10.0000000             -10.0000000
           154              -8.1481476             -10.0000000              -8.5714283
           155              -8.1481476             -10.0000000              -7.1428571
           156              -8.1481476             -10.0000000              -5.7142859
           157              -8.1481476             -10.0000000              -4.2857141
           158              -8.1481476             -10.0000000              -2.8571429
           159              -8.1481476             -10.0000000              -1.4285717
           160              -8.1481476             -10.0000000               0.0000000
           161              -9.6296291             -10.0000000             -10.0000000
           162              -9.6296291             -10.0000000              -8.5714283
           163              -9.6296291             -10.0000000              -7.1428571
           164              -9.6296291             -10.0000000              -5.7142859
           165              -9.6296291             -10.0000000              -4.2857141
           166              -9.6296291             -10.0000000              -2.8571429
           167              -9.6296291             -10.0000000              -1.4285717
           168              -9.6296291             -10.0000000               0.0000000
           169             -11.1111107             -10.0000000             -10.0000000
           170             -11.1111107             -10.0000000              -8.5714283
           171             -11.1111107             -10.0000000              -7.1428571
           172             -11.1111107             -10.0000000              -5.7142859
           173             -11.1111107             -10.0000000              -4.2857141
           174             -11.1111107             -10.0000000              -2.8571429
           175             -11.1111107             -10.0000000              -1.4285717
           176             -11.1111107             -10.0000000               0.0000000
           177             -12.5925941             -10.0000000             -10.0000000
           178             -12.5925941             -10.0000000              -8.5714283
           179             -12.5925941             -10.0000000              -7.1428571
           180             -12.5925941             -10.0000000              -5.7142859
           181             -12.5925941             -10.0000000              -4.2857141
           182             -12.5925941             -10.0000000              -2.8571429
           183             -12.5925941             -10.0000000              -1.4285717
           184             -12.5925941             -10.0000000               0.0000000
           185             -14.0740738             -10.0000000             -10.0000000
           186             -14.0740738             -10.0000000              -8.5714283
           187             -14.0740738             -10.0000000              -7.1428571
           188             -14.0740738             -10.0000000              -5.7142859
           189             -14.0740738             -10.0000000              -4.2857141
           190             -14.0740738             -10.0000000              -2.8571429
           191             -14.0740738             -10.0000000              -1.4285717
           192             -14.0740738             -10.0000000               0.0000000
           193             -15.5555573             -10.0000000             -10.0000000
           194             -15.5555573             -10.0000000              -8.5714283
           195             -15.5555573             -10.0000000              -7.1428571
           196             -15.5555573             -10.0000000              -5.7142859
           197             -15.5555573             -10.0000000              -4.2857141
           198             -15.5555573             -10.0000000              -2.8571429
           199             -15.5555573             -10.0000000              -1.4285717
           200             -15.5555573             -10.0000000               0.0000000
           201             -17.0370369             -10.0000000             -10.0000000
           202             -17.0370369             -10.0000000              -8.5714283
           203             -17.0370369             -10.0000000              -7.1428571
           204             -17.0370369             -10.0000000              -5.7142859
           205             -17.0370369             -10.0000000              -4.2857141
           206             -17.0370369             -10.0000000              -2.8571429
           207             -17.0370369             -10.0000000              -1.4285717
           208             -17.0370369             -10.0000000               0.0000000
           209             -18.5185204             -10.0000000             -10.0000000
           210             -18.5185204             -10.0000000              -8.5714283
           211             -18.5185204             -10.0000000              -7.1428571
           212             -18.5185204             -10.0000000              -5.7142859
           213             -18.5185204             -10.0000000              -4.2857141
           214             -18.5185204             -10.0000000              -2.8571429
           215             -18.5185204             -10.0000000              -1.4285717
           216             -18.5185204             -10.0000000               0.0000000
           217             -20.0000000             -10.0000000             -10.0000000
           218             -20.0000000             -10.0000000              -8.5714283
           219             -20.0000000             -10.0000000              -7.1428571
           220             -20.0000000             -10.0000000              -5.7142859
           221             -20.0000000             -10.0000000              -4.2857141
           222             -20.0000000             -10.0000000              -2.8571429
           223             -20.0000000             -10.0000000              -1.4285717
           224             -20.0000000             -10.0000000               0.0000000
           225              20.0000000               0.0000000             -10.0000000
           226              20.0000000              -1.4285715             -10.0000000
           227              20.0000000              -2.8571429             -10.0000000
           228              20.0000000              -4.2857141             -10.0000000
           229              20.0000000              -5.7142859             -10.0000000
           230              20.0000000              -7.1428571             -10.0000000
           231              20.0000000              -8.5714283             -10.0000000
           232              20.0000000             -10.0000000             -10.0000000
           233              18.5185184               0.0000000             -10.0000000
           234              18.5185184              -1.4285715             -10.0000000
           235              18.5185184              -2.8571429             -10.0000000
           236              18.5185184              -4.2857141             -10.0000000
           237              18.5185184              -5.7142859             -10.0000000
           238              18.5185184              -7.1428571             -10.0000000
           239              18.5185184              -8.5714283             -10.0000000
           240              18.5185184             -10.0000000             -10.0000000
           241              17.0370369               0.0000000             -10.0000000
           242              17.0370369              -1.4285715             -10.0000000
           243              17.0370369              -2.8571429             -10.0000000
           244              17.0370369              -4.2857141             -10.0000000
           245              17.0370369              -5.7142859             -10.0000000
           246              17.0370369              -7.1428571             -10.0000000
           247              17.0370369              -8.5714283             -10.0000000
           248              17.0370369             -10.0000000             -10.0000000
           249              15.5555553               0.0000000             -10.0000000
           250              15.5555553              -1.4285715             -10.0000000
           251              15.5555553              -2.8571429             -10.0000000
           252              15.5555553              -4.2857141             -10.0000000
           253              15.5555553              -5.7142859             -10.0000000
           254              15.5555553              -7.1428571             -10.0000000
           255              15.5555553              -8.5714283             -10.0000000
           256              15.5555553             -10.0000000             -10.0000000
           257              14.0740738               0.0000000             -10.0000000
           258              14.0740738              -1.4285715             -10.0000000
           259              14.0740738              -2.8571429             -10.0000000
           260              14.0740738              -4.2857141             -10.0000000
           261              14.0740738              -5.7142859             -10.0000000
           262              14.0740738              -7.1428571             -10.0000000
           263              14.0740738              -8.5714283             -10.0000000
           264              14.0740738             -10.0000000             -10.0000000
           265              12.5925922               0.0000000             -10.0000000
           266              12.5925922              -1.4285715             -10.0000000
           267              12.5925922              -2.8571429             -10.0000000
           268              12.5925922              -4.2857141             -10.0000000
           269              12.5925922              -5.7142859             -10.0000000
           270              12.5925922              -7.1428571             -10.0000000
           271              12.5925922              -8.5714283             -10.0000000
           272              12.5925922             -10.0000000             -10.0000000
           273              11.1111107               0.0000000             -10.0000000
           274              11.1111107              -1.4285715             -10.0000000
           275              11.1111107              -2.8571429             -10.0000000
           276              11.1111107              -4.2857141             -10.0000000
           277              11.1111107              -5.7142859             -10.0000000
           278              11.1111107              -7.1428571             -10.0000000
           279              11.1111107              -8.5714283             -10.0000000
           280              11.1111107             -10.0000000             -10.0000000
           281               9.6296301               0.0000000             -10.0000000
           282               9.6296301              -1.4285715             -10.0000000
           283               9.6296301              -2.8571429             -10.0000000
           284               9.6296301              -4.2857141             -10.0000000
           285               9.6296301              -5.7142859             -10.0000000
           286               9.6296301              -7.1428571             -10.0000000
           287               9.6296301              -8.5714283             -10.0000000
           288               9.6296301             -10.0000000             -10.0000000
           289               8.1481485               0.0000000             -10.0000000
           290               8.1481485              -1.4285715             -10.0000000
           291               8.1481485              -2.8571429             -10.0000000
           292               8.1481485              -4.2857141             -10.0000000
           293               8.1481485              -5.7142859             -10.0000000
           294               8.1481485              -7.1428571             -10.0000000
           295               8.1481485              -8.5714283             -10.0000000
           296               8.1481485             -10.0000000             -10.0000000
           297               6.6666670               0.0000000             -10.0000000
           298               6.6666670              -1.4285715             -10.0000000
           299               6.6666670              -2.8571429             -10.0000000
           300               6.6666670              -4.2857141             -10.0000000
           301               6.6666670              -5.7142859             -10.0000000
           302               6.6666670              -7.1428571             -10.0000000
           303               6.6666670              -8.5714283             -10.0000000
           304               6.6666670             -10.0000000             -10.0000000
           305               5.1851854               0.0000000             -10.0000000
           306               5.1851854              -1.4285715             -10.0000000
           307               5.1851854              -2.8571429             -10.0000000
           308               5.1851854              -4.2857141             -10.0000000
           309               5.1851854              -5.7142859             -10.0000000
           310               5.1851854              -7.1428571             -10.0000000
           311               5.1851854              -8.5714283             -10.0000000
           312               5.1851854             -10.0000000             -10.0000000
           313               3.7037029               0.0000000             -10.0000000
           314               3.7037029              -1.4285715             -10.0000000
           315               3.7037029              -2.8571429             -10.0000000
           316               3.7037029              -4.2857141             -10.0000000
           317               3.7037029              -5.7142859             -10.0000000
           318               3.7037029              -7.1428571             -10.0000000
           319               3.7037029              -8.5714283             -10.0000000
           320               3.7037029             -10.0000000             -10.0000000
           321               2.2222214               0.0000000             -10.0000000
           322               2.2222214              -1.4285715             -10.0000000
           323               2.2222214              -2.8571429             -10.0000000
           324               2.2222214              -4.2857141             -10.0000000
           325               2.2222214              -5.7142859             -10.0000000
           326               2.2222214              -7.1428571             -10.0000000
           327               2.2222214              -8.5714283             -10.0000000
           328               2.2222214             -10.0000000             -10.0000000
           329               0.7407398               0.0000000             -10.0000000
           330               0.7407398              -1.4285715             -10.0000000
           331               0.7407398              -2.8571429             -10.0000000
           332               0.7407398              -4.2857141             -10.0000000
           333               0.7407398              -5.7142859             -10.0000000
           334               0.7407398              -7.1428571             -10.0000000
           335               0.7407398              -8.5714283             -10.0000000
           336               0.7407398             -10.0000000             -10.0000000
           337              -0.7407398               0.0000000             -10.0000000
           338              -0.7407398              -1.4285715             -10.0000000
           339              -0.7407398              -2.8571429             -10.0000000
           340              -0.7407398              -4.2857141             -10.0000000
           341              -0.7407398              -5.7142859             -10.0000000
           342              -0.7407398              -7.1428571             -10.0000000
           343              -0.7407398              -8.5714283             -10.0000000
           344              -0.7407398             -10.0000000             -10.0000000
           345              -2.2222214               0.0000000             -10.0000000
           346              -2.2222214              -1.4285715             -10.0000000
           347              -2.2222214              -2.8571429             -10.0000000
           348              -2.2222214              -4.2857141             -10.0000000
           349              -2.2222214              -5.7142859             -10.0000000
           350              -2.2222214              -7.1428571             -10.0000000
           351              -2.2222214              -8.5714283             -10.0000000
           352              -2.2222214             -10.0000000             -10.0000000
           353              -3.7037029               0.0000000             -10.0000000
           354              -3.7037029              -1.4285715             -10.0000000
           355              -3.7037029              -2.8571429             -10.0000000
           356              -3.7037029              -4.2857141             -10.0000000
           357              -3.7037029              -5.7142859             -10.0000000
           358              -3.7037029              -7.1428571             -10.0000000
           359              -3.7037029              -8.5714283             -10.0000000
           360              -3.7037029             -10.0000000             -10.0000000
           361              -5.1851845               0.0000000             -10.0000000
           362              -5.1851845              -1.4285715             -10.0000000
           363              -5.1851845              -2.8571429             -10.0000000
           364              -5.1851845              -4.2857141             -10.0000000
           365              -5.1851845              -5.7142859             -10.0000000
           366              -5.1851845              -7.1428571             -10.0000000
           367              -5.1851845              -8.5714283             -10.0000000
           368              -5.1851845             -10.0000000             -10.0000000
           369              -6.6666660               0.0000000             -10.0000000
           370              -6.6666660              -1.4285715             -10.0000000
           371              -6.6666660              -2.8571429             -10.0000000
           372              -6.6666660              -4.2857141             -10.0000000
           373              -6.6666660              -5.7142859             -10.0000000
           374              -6.6666660              -7.1428571             -10.0000000
           375              -6.6666660              -8.5714283             -10.0000000
           376              -6.6666660             -10.0000000             -10.0000000
           377              -8.1481476               0.0000000             -10.0000000
           378              -8.1481476              -1.4285715             -10.0000000
           379              -8.1481476              -2.8571429             -10.0000000
           380              -8.1481476              -4.2857141             -10.0000000
           381              -8.1481476              -5.7142859             -10.0000000
           382              -8.1481476              -7.1428571             -10.0000000
           383              -8.1481476              -8.5714283             -10.0000000
           384              -8.1481476             -10.0000000             -10.0000000
           385              -9.6296291               0.0000000             -10.0000000
           386              -9.6296291              -1.4285715             -10.0000000
           387              -9.6296291              -2.8571429             -10.0000000
           388              -9.6296291              -4.2857141             -10.0000000
           389              -9.6296291              -5.7142859             -10.0000000
           390              -9.6296291              -7.1428571             -10.0000000
           391              -9.6296291              -8.5714283             -10.0000000
           392              -9.6296291             -10.0000000             -10.0000000
           393             -11.1111107               0.0000000             -10.0000000
           394             -11.1111107              -1.4285715             -10.0000000
           395             -11.1111107              -2.8571429             -10.0000000
           396             -11.1111107              -4.2857141             -10.0000000
           397             -11.1111107              -5.7142859             -10.0000000
           398             -11.1111107              -7.1428571             -10.0000000
           399             -11.1111107              -8.5714283             -10.0000000
           400             -11.1111107             -10.0000000             -10.0000000
           401             -12.5925941               0.0000000             -10.0000000
           402             -12.5925941              -1.4285715             -10.0000000
           403             -12.5925941              -2.8571429             -10.0000000
           404             -12.5925941              -4.2857141             -10.0000000
           405             -12.5925941              -5.7142859             -10.0000000
           406             -12.5925941              -7.1428571             -10.0000000
           407             -12.5925941              -8.5714283             -10.0000000
           408             -12.5925941             -10.0000000             -10.0000000
           409             -14.0740738               0.0000000             -10.0000000
           410             -14.0740738              -1.4285715             -10.0000000
           411             -14.0740738              -2.8571429             -10.0000000
           412             -14.0740738              -4.2857141             -10.0000000
           413             -14.0740738              -5.7142859             -10.0000000
           414             -14.0740738              -7.1428571             -10.0000000
           415             -14.0740738              -8.5714283             -10.0000000
           416             -14.0740738             -10.0000000             -10.0000000
           417             -15.5555573               0.0000000             -10.0000000
           418             -15.5555573              -1.4285715             -10.0000000
           419             -15.5555573              -2.8571429             -10.0000000
           420             -15.5555573              -4.2857141             -10.0000000
           421             -15.5555573              -5.7142859             -10.0000000
           422             -15.5555573              -7.1428571             -10.0000000
           423             -15.5555573              -8.5714283             -10.0000000
           424             -15.5555573             -10.0000000             -10.0000000
           425             -17.0370369               0.0000000             -10.0000000
           426             -17.0370369              -1.4285715             -10.0000000
           427             -17.0370369              -2.8571429             -10.0000000
           428             -17.0370369              -4.2857141             -10.0000000
           429             -17.0370369              -5.7142859             -10.0000000
           430             -17.0370369              -7.1428571             -10.0000000
           431             -17.0370369              -8.5714283             -10.0000000
           432             -17.0370369             -10.0000000             -10.0000000
           433             -18.5185204               0.0000000             -10.0000000
           434             -18.5185204              -1.4285715             -10.0000000
           435             -18.5185204              -2.8571429             -10.0000000
           436             -18.5185204              -4.2857141             -10.0000000
           437             -18.5185204              -5.7142859             -10.0000000
           438             -18.5185204              -7.1428571             -10.0000000
           439             -18.5185204              -8.5714283             -10.0000000
           440             -18.5185204             -10.0000000             -10.0000000
           441             -20.0000000               0.0000000             -10.0000000
           442             -20.0000000              -1.4285715             -10.0000000
           443             -20.0000000              -2.8571429             -10.0000000
           444             -20.0000000              -4.2857141             -10.0000000
           445             -20.0000000              -5.7142859             -10.0000000
           446             -20.0000000              -7.1428571             -10.0000000
           447             -20.0000000              -8.5714283             -10.0000000
           448             -20.0000000             -10.0000000             -10.0000000
           449              20.0000000               0.0000000             -10.0000000
           450              20.0000000               0.0000000              -8.5714283
           451              20.0000000               0.0000000              -7.1428571
           452              20.0000000               0.0000000              -5.7142859
           453              20.0000000               0.0000000              -4.2857141
           454              20.0000000               0.0000000              -2.8571429
           455              20.0000000               0.0000000              -1.4285717
           456              20.0000000               0.0000000               0.0000000
           457              20.0000000              -1.4285715             -10.0000000
           458              20.0000000              -1.4285715              -8.5714283
           459              20.0000000              -1.4285715              -7.1428571
           460              20.0000000              -1.4285715              -5.7142859
           461              20.0000000              -1.4285715              -4.2857141
           462              20.0000000              -1.4285715              -2.8571429
           463              20.0000000              -1.4285715              -1.4285717
           464              20.0000000              -1.4285715               0.0000000
           465              20.0000000              -2.8571429             -10.0000000
           466              20.0000000              -2.8571429              -8.5714283
           467              20.0000000              -2.8571429              -7.1428571
           468              20.0000000              -2.8571429              -5.7142859
           469              20.0000000              -2.8571429              -4.2857141
           470              20.0000000              -2.8571429              -2.8571429
           471              20.0000000              -2.8571429              -1.4285717
           472              20.0000000              -2.8571429               0.0000000
           473              20.0000000              -4.2857141             -10.0000000
           474              20.0000000              -4.2857141              -8.5714283
           475              20.0000000              -4.2857141              -7.1428571
           476              20.0000000              -4.2857141              -5.7142859
           477              20.0000000              -4.2857141              -4.2857141
           478              20.0000000              -4.2857141              -2.8571429
           479              20.0000000              -4.2857141              -1.4285717
           480              20.0000000              -4.2857141               0.0000000
           481              20.0000000              -5.7142859             -10.0000000
           482              20.0000000              -5.7142859              -8.5714283
           483              20.0000000              -5.7142859              -7.1428571
           484              20.0000000              -5.7142859              -5.7142859
           485              20.0000000              -5.7142859              -4.2857141
           486              20.0000000              -5.7142859              -2.8571429
           487              20.0000000              -5.7142859              -1.4285717
           488              20.0000000              -5.7142859               0.0000000
           489              20.0000000              -7.1428571             -10.0000000
           490              20.0000000              -7.1428571              -8.5714283
           491              20.0000000              -7.1428571              -7.1428571
           492              20.0000000              -7.1428571              -5.7142859
           493              20.0000000              -7.1428571              -4.2857141
           494              20.0000000              -7.1428571              -2.8571429
           495              20.0000000              -7.1428571              -1.4285717
           496              20.0000000              -7.1428571               0.0000000
           497              20.0000000              -8.5714283             -10.0000000
           498              20.0000000              -8.5714283              -8.5714283
           499              20.0000000              -8.5714283              -7.1428571
           500              20.0000000              -8.5714283              -5.7142859
           501              20.0000000              -8.5714283              -4.2857141
           502              20.0000000              -8.5714283              -2.8571429
           503              20.0000000              -8.5714283              -1.4285717
           504              20.0000000              -8.5714283               0.0000000
           505              20.0000000             -10.0000000             -10.0000000
           506              20.0000000             -10.0000000              -8.5714283
           507              20.0000000             -10.0000000              -7.1428571
           508              20.0000000             -10.0000000              -5.7142859
           509              20.0000000             -10.0000000              -4.2857141
           510              20.0000000             -10.0000000              -2.8571429
           511              20.0000000             -10.0000000              -1.4285717
           512              20.0000000             -10.0000000               0.0000000
           513             -20.0000000             -10.0000000             -10.0000000
           514             -20.0000000             -10.0000000              -8.5714283
           515             -20.0000000             -10.0000000              -7.1428571
           516             -20.0000000             -10.0000000              -5.7142859
           517             -20.0000000             -10.0000000              -4.2857141
           518             -20.0000000             -10.0000000              -2.8571429
           519             -20.0000000             -10.0000000              -1.4285717
           520             -20.0000000             -10.0000000               0.0000000
           521             -20.0000000              -8.5714283             -10.0000000
           522             -20.0000000              -8.5714283              -8.5714283
           523             -20.0000000              -8.5714283              -7.1428571
           524             -20.0000000              -8.5714283              -5.7142859
           525             -20.0000000              -8.5714283              -4.2857141
           526             -20.0000000              -8.5714283              -2.8571429
           527             -20.0000000              -8.5714283              -1.4285717
           528             -20.0000000              -8.5714283               0.0000000
           529             -20.0000000              -7.1428571             -10.0000000
           530             -20.0000000              -7.1428571              -8.5714283
           531             -20.0000000              -7.1428571              -7.1428571
           532             -20.0000000              -7.1428571              -5.7142859
           533             -20.0000000              -7.1428571              -4.2857141
           534             -20.0000000              -7.1428571              -2.8571429
           535             -20.0000000              -7.1428571              -1.4285717
           536             -20.0000000              -7.1428571               0.0000000
           537             -20.0000000              -5.7142859             -10.0000000
           538             -20.0000000              -5.7142859              -8.5714283
           539             -20.0000000              -5.7142859              -7.1428571
           540             -20.0000000              -5.7142859              -5.7142859
           541             -20.0000000              -5.7142859              -4.2857141
           542             -20.0000000              -5.7142859              -2.8571429
           543             -20.0000000              -5.7142859              -1.4285717
           544             -20.0000000              -5.7142859               0.0000000
           545             -20.0000000              -4.2857141             -10.0000000
           546             -20.0000000              -4.2857141              -8.5714283
           547             -20.0000000              -4.2857141              -7.1428571
           548             -20.0000000              -4.2857141              -5.7142859
           549             -20.0000000              -4.2857141              -4.2857141
           550             -20.0000000              -4.2857141              -2.8571429
           551             -20.0000000              -4.2857141              -1.4285717
           552             -20.0000000              -4.2857141               0.0000000
           553             -20.0000000              -2.8571429             -10.0000000
           554             -20.0000000              -2.8571429              -8.5714283
           555             -20.0000000              -2.8571429              -7.1428571
           556             -20.0000000              -2.8571429              -5.7142859
           557             -20.0000000              -2.8571429              -4.2857141
           558             -20.0000000              -2.8571429              -2.8571429
           559             -20.0000000              -2.8571429              -1.4285717
           560             -20.0000000              -2.8571429               0.0000000
           561             -20.0000000              -1.4285717             -10.0000000
           562             -20.0000000              -1.4285717              -8.5714283
           563             -20.0000000              -1.4285717              -7.1428571
           564             -20.0000000              -1.4285717              -5.7142859
           565             -20.0000000              -1.4285717              -4.2857141
           566             -20.0000000              -1.4285717              -2.8571429
           567             -20.0000000              -1.4285717              -1.4285717
           568             -20.0000000              -1.4285717               0.0000000
           569             -20.0000000               0.0000000             -10.0000000
           570             -20.0000000               0.0000000              -8.5714283
           571             -20.0000000               0.0000000              -7.1428571
           572             -20.0000000               0.0000000              -5.7142859
           573             -20.0000000               0.0000000              -4.2857141
           574             -20.0000000               0.0000000              -2.8571429
           575             -20.0000000               0.0000000              -1.4285717
           576             -20.0000000               0.0000000               0.0000000
             0          0.00          0.00          0.00
             1             2            10             9
             2             3            11            10
             3             4            12            11
             4             5            13            12
             5             6            14            13
             6             7            15            14
             7             8            16            15
             9            10            18            17
            10            11            19            18
            11            12            20            19
            12            13            21            20
            13            14            22            21
            14            15            23            22
            15            16            24            23
            17            18            26            25
            18            19            27            26
            19            20            28            27
            20            21            29            28
            21            22            30            29
            22            23            31            30
            23            24            32            31
            25            26            34            33
            26            27            35            34
            27            28            36            35
            28            29            37            36
            29            30            38            37
            30            31            39            38
            31            32            40            39
            33            34            42            41
            34            35            43            42
            35            36            44            43
            36            37            45            44
            37            38            46            45
            38            39            47            46
            39            40            48            47
            41            42            50            49
            42            43            51            50
            43            44            52            51
            44            45            53            52
            45            46            54            53
            46            47            55            54
            47            48            56            55
            49            50            58            57
            50            51            59            58
            51            52            60            59
            52            53            61            60
            53            54            62            61
            54            55            63            62
            55            56            64            63
            57            58            66            65
            58            59            67            66
            59            60            68            67
            60            61            69            68
            61            62            70            69
            62            63            71            70
            63            64            72            71
            65            66            74            73
            66            67            75            74
            67            68            76            75
            68            69            77            76
            69            70            78            77
            70            71            79            78
            71            72            80            79
            73            74            82            81
            74            75            83            82
            75            76            84            83
            76            77            85            84
            77            78            86            85
            78            79            87            86
            79            80            88            87
            81            82            90            89
            82            83            91            90
            83            84            92            91
            84            85            93            92
            85            86            94            93
            86            87            95            94
            87            88            96            95
            89            90            98            97
            90            91            99            98
            91            92           100            99
            92            93           101           100
            93            94           102           101
            94            95           103           102
            95            96           104           103
            97            98           106           105
            98            99           107           106
            99           100           108           107
           100           101           109           108
           101           102           110           109
           102           103           111           110
           103           104           112           111
           105           106           114           113
           106           107           115           114
           107           108           116           115
           108           109           117           116
           109           110           118           117
           110           111           119           118
           111           112           120           119
           113           114           122           121
           114           115           123           122
           115           116           124           123
           116           117           125           124
           117           118           126           125
           118           119           127           126
           119           120           128           127
           121           122           130           129
           122           123           131           130
           123           124           132           131
           124           125           133           132
           125           126           134           133
           126           127           135           134
           127           128           136           135
           129           130           138           137
           130           131           139           138
           131           132           140           139
           132           133           141           140
           133           134           142           141
           134           135           143           142
           135           136           144           143
           137           138           146           145
           138           139           147           146
           139           140           148           147
           140           141           149           148
           141           142           150           149
           142           143           151           150
           143           144           152           151
           145           146           154           153
           146           147           155           154
           147           148           156           155
           148           149           157           156
           149           150           158           157
           150           151           159           158
           151           152           160           159
           153           154           162           161
           154           155           163           162
           155           156           164           163
           156           157           165           164
           157           158           166           165
           158           159           167           166
           159           160           168           167
           161           162           170           169
           162           163           171           170
           163           164           172           171
           164           165           173           172
           165           166           174           173
           166           167           175           174
           167           168           176           175
           169           170           178           177
           170           171           179           178
           171           172           180           179
           172           173           181           180
           173           174           182           181
           174           175           183           182
           175           176           184           183
           177           178           186           185
           178           179           187           186
           179           180           188           187
           180           181           189           188
           181           182           190           189
           182           183           191           190
           183           184           192           191
           185           186           194           193
           186           187           195           194
           187           188           196           195
           188           189           197           196
           189           190           198           197
           190           191           199           198
           191           192           200           199
           193           194           202           201
           194           195           203           202
           195           196           204           203
           196           197           205           204
           197           198           206           205
           198           199           207           206
           199           200           208           207
           201           202           210           209
           202           203           211           210
           203           204           212           211
           204           205           213           212
           205           206           214           213
           206           207           215           214
           207           208           216           215
           209           210           218           217
           210           211           219           218
           211           212           220           219
           212           213           221           220
           213           214           222           221
           214           215           223           222
           215           216           224           223
           225           226           234           233
           226           227           235           234
           227           228           236           235
           228           229           237           236
           229           230           238           237
           230           231           239           238
           231           232           240           239
           233           234           242           241
           234           235           243           242
           235           236           244           243
           236           237           245           244
           237           238           246           245
           238           239           247           246
           239           240           248           247
           241           242           250           249
           242           243           251           250
           243           244           252           251
           244           245           253           252
           245           246           254           253
           246           247           255           254
           247           248           256           255
           249           250           258           257
           250           251           259           258
           251           252           260           259
           252           253           261           260
           253           254           262           261
           254           255           263           262
           255           256           264           263
           257           258           266           265
           258           259           267           266
           259           260           268           267
           260           261           269           268
           261           262           270           269
           262           263           271           270
           263           264           272           271
           265           266           274           273
           266           267           275           274
           267           268           276           275
           268           269           277           276
           269           270           278           277
           270           271           279           278
           271           272           280           279
           273           274           282           281
           274           275           283           282
           275           276           284           283
           276           277           285           284
           277           278           286           285
           278           279           287           286
           279           280           288           287
           281           282           290           289
           282           283           291           290
           283           284           292           291
           284           285           293           292
           285           286           294           293
           286           287           295           294
           287           288           296           295
           289           290           298           297
           290           291           299           298
           291           292           300           299
           292           293           301           300
           293           294           302           301
           294           295           303           302
           295           296           304           303
           297           298           306           305
           298           299           307           306
           299           300           308           307
           300           301           309           308
           301           302           310           309
           302           303           311           310
           303           304           312           311
           305           306           314           313
           306           307           315           314
           307           308           316           315
           308           309           317           316
           309           310           318           317
           310           311           319           318
           311           312           320           319
           313           314           322           321
           314           315           323           322
           315           316           324           323
           316           317           325           324
           317           318           326           325
           318           319           327           326
           319           320           328           327
           321           322           330           329
           322           323           331           330
           323           324           332           331
           324           325           333           332
           325           326           334           333
           326           327           335           334
           327           328           336           335
           329           330           338           337
           330           331           339           338
           331           332           340           339
           332           333           341           340
           333           334           342           341
           334           335           343           342
           335           336           344           343
           337           338           346           345
           338           339           347           346
           339           340           348           347
           340           341           349           348
           341           342           350           349
           342           343           351           350
           343           344           352           351
           345           346           354           353
           346           347           355           354
           347           348           356           355
           348           349           357           356
           349           350           358           357
           350           351           359           358
           351           352           360           359
           353           354           362           361
           354           355           363           362
           355           356           364           363
           356           357           365           364
           357           358           366           365
           358           359           367           366
           359           360           368           367
           361           362           370           369
           362           363           371           370
           363           364           372           371
           364           365           373           372
           365           366           374           373
           366           367           375           374
           367           368           376           375
           369           370           378           377
           370           371           379           378
           371           372           380           379
           372           373           381           380
           373           374           382           381
           374           375           383           382
           375           376           384           383
           377           378           386           385
           378           379           387           386
           379           380           388           387
           380           381           389           388
           381           382           390           389
           382           383           391           390
           383           384           392           391
           385           386           394           393
           386           387           395           394
           387           388           396           395
           388           389           397           396
           389           390           398           397
           390           391           399           398
           391           392           400           399
           393           394           402           401
           394           395           403           402
           395           396           404           403
           396           397           405           404
           397           398           406           405
           398           399           407           406
           399           400           408           407
           401           402           410           409
           402           403           411           410
           403           404           412           411
           404           405           413           412
           405           406           414           413
           406           407           415           414
           407           408           416           415
           409           410           418           417
           410           411           419           418
           411           412           420           419
           412           413           421           420
           413           414           422           421
           414           415           423           422
           415           416           424           423
           417           418           426           425
           418           419           427           426
           419           420           428           427
           420           421           429           428
           421           422           430           429
           422           423           431           430
           423           424           432           431
           425           426           434           433
           426           427           435           434
           427           428           436           435
           428           429           437           436
           429           430           438           437
           430           431           439           438
           431           432           440           439
           433           434           442           441
           434           435           443           442
           435           436           444           443
           436           437           445           444
           437           438           446           445
           438           439           447           446
           439           440           448           447
           449           450           458           457
           450           451           459           458
           451           452           460           459
           452           453           461           460
           453           454           462           461
           454           455           463           462
           455           456           464           463
           457           458           466           465
           458           459           467           466
           459           460           468           467
           460           461           469           468
           461           462           470           469
           462           463           471           470
           463           464           472           471
           465           466           474           473
           466           467           475           474
           467           468           476           475
           468           469           477           476
           469           470           478           477
           470           471           479           478
           471           472           480           479
           473           474           482           481
           474           475           483           482
           475           476           484           483
           476           477           485           484
           477           478           486           485
           478           479           487           486
           479           480           488           487
           481           482           490           489
           482           483           491           490
           483           484           492           491
           484           485           493           492
           485           486           494           493
           486           487           495           494
           487           488           496           495
           489           490           498           497
           490           491           499           498
           491           492           500           499
           492           493           501           500
           493           494           502           501
           494           495           503           502
           495           496           504           503
           497           498           506           505
           498           499           507           506
           499           500           508           507
           500           501           509           508
           501           502           510           509
           502           503           511           510
           503           504           512           511
           513           514           522           521
           514           515           523           522
           515           516           524           523
           516           517           525           524
           517           518           526           525
           518           519           527           526
           519           520           528           527
           521           522           530           529
           522           523           531           530
           523           524           532           531
           524           525           533           532
           525           526           534           533
           526           527           535           534
           527           528           536           535
           529           530           538           537
           530           531           539           538
           531           532           540           539
           532           533           541           540
           533           534           542           541
           534           535           543           542
           535           536           544           543
           537           538           546           545
           538           539           547           546
           539           540           548           547
           540           541           549           548
           541           542           550           549
           542           543           551           550
           543           544           552           551
           545           546           554           553
           546           547           555           554
           547           548           556           555
           548           549           557           556
           549           550           558           557
           550           551           559           558
           551           552           560           559
           553           554           562           561
           554           555           563           562
           555           556           564           563
           556           557           565           564
           557           558           566           565
           558           559           567           566
           559           560           568           567
           561           562           570           569
           562           563           571           570
           563           564           572           571
           564           565           573           572
           565           566           574           573
           566           567           575           574
           567           568           576           575
          0          0          0          0
