Nb de periode :    95
 0.3000
  0.714636E+01  0.183703E-06 -0.233783E-01  0.165310E-06  0.555825E+01 -0.186265E-08
  0.220025E-07  0.714639E+01 -0.709784E-06 -0.555841E+01  0.884756E-07 -0.264750E-06
  0.229836E-03 -0.636578E-03  0.789428E+04  0.831938E-02 -0.267029E-03 -0.715256E-06
 -0.942964E-08 -0.540198E+01 -0.348198E-06  0.419977E+01  0.279397E-08  0.100401E-06
  0.540250E+01  0.193249E-07  0.348986E-01 -0.675209E-07  0.419726E+01 -0.142027E-07
  0.621725E-14  0.178925E-07 -0.417444E-13 -0.138330E-07  0.284217E-13  0.157074E-05
 0.3500
  0.161350E+02  0.267755E-07 -0.320182E-01  0.316650E-07  0.123115E+02  0.263099E-07
 -0.558794E-07  0.161344E+02 -0.364683E-05 -0.123119E+02  0.230968E-06  0.575383E-07
  0.344276E-03 -0.406563E-03  0.110404E+05 -0.160480E-01 -0.105286E-02  0.357628E-06
  0.315486E-07 -0.119689E+02 -0.158558E-05  0.912099E+01  0.119209E-06  0.163737E-05
  0.119694E+02 -0.252621E-06  0.776685E-01  0.113621E-06  0.911718E+01 -0.246800E-07
 -0.193623E-12  0.164529E-06 -0.390799E-13  0.192459E-05 -0.639488E-12  0.211639E-05
 0.4000
  0.356158E+02 -0.211643E-06 -0.284295E-01 -0.370666E-06  0.266696E+02 -0.558794E-08
  0.295695E-06  0.356158E+02  0.647269E-07 -0.266682E+02  0.538304E-06 -0.507978E-06
  0.152588E-03 -0.618696E-03  0.153338E+05  0.686073E-02 -0.656128E-03 -0.107288E-05
  0.207219E-06 -0.258659E+02 -0.166707E-06  0.193372E+02  0.298023E-06  0.919361E-06
  0.258661E+02 -0.303378E-06  0.104819E+00  0.141375E-05  0.193403E+02  0.526197E-07
 -0.355271E-14  0.256814E-06 -0.177636E-13  0.913535E-06  0.611067E-12 -0.465989E-05
 0.4500
  0.767954E+02 -0.124797E-06 -0.119807E-01 -0.484288E-07  0.559617E+02 -0.104308E-06
  0.606291E-06  0.767949E+02  0.286847E-05 -0.559609E+02  0.217184E-05 -0.103074E-05
  0.140381E-02  0.991583E-03  0.209242E+05 -0.555038E-02  0.120544E-01 -0.476837E-06
  0.434928E-06 -0.544177E+02  0.100061E-04  0.396651E+02 -0.499189E-06  0.501284E-06
  0.544152E+02  0.588130E-06  0.136170E+00 -0.514090E-06  0.396622E+02 -0.260770E-07
 -0.501821E-12 -0.383447E-06 -0.568434E-13  0.870266E-06 -0.235900E-11 -0.433162E-05
 0.5000
  0.156688E+03 -0.157207E-05 -0.829375E-02  0.692904E-06  0.111407E+03  0.298023E-06
  0.176206E-05  0.156688E+03 -0.760145E-05 -0.111407E+03  0.245869E-05 -0.269152E-06
  0.221252E-03 -0.194836E-02  0.273497E+05  0.161781E-01  0.518799E-03 -0.143051E-05
  0.903383E-06 -0.107895E+03  0.273809E-06  0.767531E+02 -0.116229E-05  0.492448E-05
  0.107894E+03  0.139885E-05  0.133985E+00  0.207126E-05  0.767410E+02 -0.577420E-07
  0.533795E-12 -0.140874E-05  0.461853E-13  0.479649E-05  0.682121E-12  0.451589E-05
 0.5500
  0.304218E+03  0.158325E-05  0.321693E-01 -0.236928E-05  0.209272E+03 -0.745058E-08
  0.118837E-05  0.304218E+03 -0.443645E-04 -0.209273E+03 -0.207126E-05 -0.734860E-05
 -0.170135E-02 -0.117338E-02  0.345025E+05  0.317154E-01 -0.166321E-01  0.953674E-06
 -0.248477E-05 -0.203389E+03 -0.923313E-05  0.139721E+03  0.186265E-05  0.215555E-05
  0.203393E+03  0.881031E-06  0.789443E-01 -0.435114E-05  0.139702E+03 -0.596046E-07
 -0.213163E-12 -0.305859E-05 -0.106581E-13  0.181483E-05 -0.589750E-12 -0.623056E-06
 0.6000
  0.556674E+03  0.458211E-05  0.539355E-01 -0.509620E-05  0.369788E+03  0.774860E-06
 -0.841916E-06  0.556674E+03 -0.328720E-04 -0.369786E+03 -0.116229E-05  0.291783E-05
 -0.175476E-03  0.428987E-02  0.418154E+05 -0.418510E-01  0.238037E-02 -0.476837E-05
 -0.489131E-05 -0.359104E+03 -0.484288E-05  0.238971E+03  0.128150E-04  0.128495E-04
  0.359113E+03 -0.249222E-05  0.609906E-01  0.573695E-05  0.238971E+03 -0.223517E-06
  0.881073E-12 -0.369817E-06 -0.243361E-12  0.397215E-05 -0.689226E-12 -0.791679E-06
 0.6500
  0.964379E+03  0.118837E-04  0.567944E-01  0.106096E-04  0.619188E+03  0.166893E-05
 -0.323355E-05  0.964379E+03  0.565052E-04 -0.619187E+03  0.211596E-04 -0.286289E-05
  0.217438E-03  0.505018E-02  0.490197E+05  0.450516E-02 -0.125732E-01  0.000000E+00
 -0.112951E-04 -0.599347E+03  0.609234E-04  0.384147E+03  0.273883E-04  0.169920E-04
  0.599357E+03 -0.194088E-05  0.781282E-01  0.944734E-05  0.384163E+03 -0.640750E-06
 -0.190425E-11  0.337567E-05 -0.380140E-12  0.481083E-06  0.235900E-11  0.485950E-05
 0.7000
  0.160284E+04 -0.734627E-05 -0.104249E+00  0.147820E-04  0.983848E+03  0.175834E-05
  0.168383E-05  0.160283E+04  0.705570E-04 -0.983844E+03 -0.209808E-04 -0.173710E-04
 -0.154114E-02  0.303030E-02  0.560257E+05 -0.570774E-01  0.219727E-02  0.000000E+00
  0.188649E-04 -0.956772E+03  0.831485E-05  0.586331E+03 -0.262856E-04  0.559911E-05
  0.956792E+03  0.850856E-05  0.293300E+00 -0.661612E-05  0.586341E+03  0.551343E-06
  0.454747E-11 -0.535389E-04  0.116671E-10  0.212197E-04  0.159162E-11  0.759857E-04
 0.7500
  0.256086E+04 -0.804663E-06 -0.195215E+00 -0.152588E-04  0.150216E+04 -0.244379E-05
  0.123978E-04  0.256085E+04 -0.150770E-03 -0.150216E+04  0.165701E-04 -0.379980E-04
  0.594330E-02  0.977182E-02  0.625655E+05  0.152245E-01 -0.830078E-02  0.953674E-06
 -0.227988E-05 -0.145834E+04  0.123143E-03  0.859620E+03  0.178814E-05  0.486784E-04
  0.145837E+04  0.217557E-05  0.235244E+00  0.298023E-05  0.859667E+03  0.214577E-05
 -0.278533E-11 -0.330472E-04  0.625278E-12  0.750807E-04  0.147793E-11 -0.854720E-04
 0.8000
  0.395145E+04 -0.236928E-04  0.410233E-01  0.362396E-04  0.220810E+04  0.238419E-05
 -0.472069E-04  0.395143E+04  0.315070E-03 -0.220810E+04 -0.953674E-04 -0.274032E-04
  0.162506E-02  0.274134E-02  0.685660E+05  0.714951E-01  0.450439E-01  0.953674E-06
  0.473857E-05 -0.213199E+04 -0.293851E-04  0.119737E+04  0.584126E-05  0.306591E-04
  0.213204E+04 -0.496060E-04 -0.798891E+00  0.810623E-05  0.119732E+04  0.357628E-05
 -0.227374E-12 -0.542208E-04  0.690648E-11  0.515123E-04  0.153477E-10  0.224175E-03
 0.8500
  0.591677E+04  0.488758E-04  0.155251E+00  0.979900E-04  0.313780E+04 -0.131130E-05
 -0.452995E-04  0.591674E+04 -0.144720E-03 -0.313778E+04 -0.858307E-05 -0.636503E-04
  0.375366E-02  0.755739E-02  0.739654E+05  0.110779E+00  0.128174E-01 -0.123978E-04
  0.302792E-04 -0.304874E+04  0.227988E-04  0.159625E+04 -0.971556E-04  0.210069E-04
  0.304871E+04 -0.637770E-05 -0.459159E+00 -0.642538E-04  0.159628E+04  0.250340E-05
  0.181899E-10 -0.309851E-03  0.643183E-10  0.170146E-03  0.437694E-10 -0.651559E-03
 0.9000
  0.862371E+04 -0.197232E-03  0.226090E+00 -0.118732E-03  0.428634E+04 -0.596046E-05
  0.134349E-03  0.862367E+04 -0.488758E-03 -0.428632E+04 -0.476837E-06 -0.106454E-03
  0.563812E-02  0.109291E-02  0.785003E+05  0.514336E-01  0.184326E-01  0.572205E-05
 -0.330210E-04 -0.418179E+04  0.485241E-03  0.207551E+04  0.103712E-03 -0.797287E-04
  0.418183E+04  0.412166E-04 -0.226472E+00 -0.333786E-04  0.207543E+04  0.405312E-05
  0.495675E-10 -0.513404E-03  0.211458E-10  0.383621E-03 -0.860609E-10  0.680862E-03
 0.9500
  0.122514E+05 -0.183344E-03  0.445393E+00 -0.181198E-04  0.570475E+04  0.953674E-06
 -0.578165E-04  0.122514E+05  0.468612E-03 -0.570476E+04  0.118256E-03 -0.140265E-03
 -0.808716E-03  0.410128E-02  0.822514E+05 -0.473671E-01  0.211792E-01 -0.381470E-05
 -0.103712E-04 -0.553294E+04  0.110084E-02  0.262372E+04  0.393391E-04 -0.347346E-04
  0.553301E+04 -0.269413E-04 -0.762178E+00 -0.617504E-04  0.262376E+04  0.953674E-06
  0.491127E-10 -0.100929E-02  0.671605E-10  0.749190E-03  0.108457E-09 -0.134046E-02
 1.0000
  0.169798E+05 -0.733137E-04  0.822243E+00  0.677109E-04  0.736481E+04 -0.143051E-05
  0.256062E-03  0.169798E+05  0.154495E-03 -0.736483E+04 -0.124931E-03 -0.377566E-03
  0.665283E-02 -0.137715E-01  0.851212E+05  0.237274E-01 -0.249634E-01 -0.190735E-05
 -0.333786E-05 -0.707325E+04 -0.927031E-03  0.316497E+04 -0.143051E-04 -0.192985E-03
  0.707327E+04  0.489354E-04 -0.918455E+00  0.211239E-03  0.316497E+04  0.679493E-05
 -0.327418E-10 -0.653816E-03 -0.363372E-10  0.448423E-03 -0.406999E-10 -0.160781E-02
 1.0500
  0.229440E+05  0.263214E-03  0.821205E+00 -0.514984E-04  0.918678E+04 -0.858307E-05
  0.119925E-03  0.229439E+05  0.191951E-02 -0.918671E+04 -0.415802E-03 -0.911653E-04
 -0.427246E-02  0.578356E-02  0.870265E+05  0.260353E-01 -0.185547E-01  0.114441E-04
  0.609159E-04 -0.886986E+04 -0.791669E-03  0.352806E+04 -0.395775E-04  0.946820E-04
  0.886979E+04 -0.137687E-04 -0.118559E+01 -0.224113E-04  0.352808E+04  0.116825E-04
 -0.800355E-10 -0.134582E-02 -0.143661E-09  0.976613E-03  0.925269E-10  0.416222E-02
 1.1000
  0.302854E+05  0.225544E-03  0.318642E+00 -0.490189E-03  0.111815E+05  0.190735E-04
 -0.212193E-03  0.302852E+05 -0.130057E-02 -0.111814E+05  0.532150E-03 -0.425220E-03
  0.610352E-03  0.260258E-02  0.881656E+05 -0.599823E-01  0.622559E-02  0.000000E+00
 -0.866652E-04 -0.107619E+05  0.349641E-03  0.393013E+04 -0.185013E-03 -0.373617E-03
  0.107618E+05 -0.166893E-04 -0.543325E+00 -0.194550E-03  0.392996E+04  0.138283E-04
  0.378350E-09 -0.131131E-02 -0.761133E-10  0.931958E-03  0.181899E-11 -0.787924E-02
 1.1500
  0.390909E+05  0.345707E-03  0.186905E+00 -0.627518E-03  0.130709E+05 -0.276566E-04
 -0.672340E-04  0.390906E+05 -0.194073E-02 -0.130707E+05  0.801086E-04 -0.652373E-03
 -0.222321E-01  0.202041E-01  0.884262E+05 -0.140957E+00  0.244141E-03  0.572205E-05
  0.371933E-04 -0.124855E+05  0.704408E-03  0.427119E+04  0.271797E-04 -0.124410E-03
  0.124852E+05  0.136018E-03 -0.195381E+00  0.182629E-03  0.427091E+04 -0.133514E-04
  0.636646E-10 -0.944633E-03 -0.374598E-10  0.360397E-03 -0.459295E-10  0.168971E-02
 1.2000
  0.492081E+05 -0.793457E-03  0.295738E+00  0.184822E-02  0.147386E+05  0.286102E-04
 -0.106812E-03  0.492076E+05 -0.338554E-04 -0.147383E+05 -0.142097E-02 -0.494480E-03
 -0.112000E-01  0.917435E-03  0.878265E+05 -0.105434E+00  0.109863E-02  0.953674E-05
  0.176668E-03 -0.141038E+05 -0.949860E-03  0.419595E+04 -0.267029E-04  0.699043E-03
  0.141034E+05  0.488758E-05 -0.403923E+00 -0.174999E-03  0.419564E+04  0.154972E-04
  0.000000E+00 -0.137146E-02 -0.233740E-09  0.992802E-03  0.243290E-10  0.346785E-02
 1.2500
  0.604845E+05 -0.455379E-03  0.239624E+00 -0.225067E-03  0.161301E+05 -0.572205E-05
  0.123978E-04  0.604840E+05 -0.109911E-02 -0.161298E+05  0.312805E-03 -0.623941E-03
 -0.151062E-01  0.207806E-01  0.865395E+05 -0.266914E-01 -0.357056E-01  0.000000E+00
 -0.190735E-03 -0.153552E+05  0.735402E-03  0.401813E+04 -0.658035E-04  0.347823E-03
  0.153547E+05  0.133514E-03 -0.248955E+00 -0.354767E-03  0.401779E+04 -0.619888E-05
 -0.698492E-09 -0.922559E-03  0.935643E-10  0.562481E-03  0.231580E-09 -0.180681E-01
 1.3000
  0.726466E+05 -0.125408E-02  0.266251E+00  0.305176E-04  0.169182E+05 -0.150681E-03
  0.333786E-04  0.726461E+05 -0.234604E-02 -0.169178E+05  0.934601E-03 -0.958562E-03
 -0.147552E-01  0.308037E-02  0.845626E+05 -0.107693E+00 -0.445557E-01 -0.572205E-05
  0.182390E-03 -0.159632E+05 -0.173306E-02  0.364369E+04  0.163078E-03 -0.935793E-04
  0.159626E+05 -0.112057E-04 -0.435398E+00  0.283241E-03  0.364315E+04  0.858307E-05
 -0.782165E-10 -0.180391E-02 -0.160469E-09  0.106327E-02 -0.518412E-10  0.261981E-02
 1.3500
  0.851851E+05 -0.136089E-02  0.251709E+00 -0.106812E-02  0.169418E+05 -0.934601E-04
  0.646591E-03  0.851845E+05  0.333309E-02 -0.169416E+05 -0.100327E-02 -0.165081E-02
 -0.239716E-01  0.912189E-02  0.820011E+05  0.673332E-01  0.101318E-01  0.190735E-05
 -0.982285E-04 -0.159195E+05 -0.158525E-02  0.296902E+04  0.286102E-05 -0.126263E-02
  0.159189E+05  0.808239E-04 -0.416782E+00 -0.326157E-03  0.296847E+04 -0.114441E-04
  0.130967E-09 -0.394040E-02  0.813841E-09  0.243561E-02  0.699458E-09 -0.139676E-01
 1.4000
  0.977581E+05  0.248909E-03  0.145004E+00 -0.572205E-03  0.156863E+05  0.156403E-03
  0.152588E-04  0.977574E+05 -0.298595E-02 -0.156860E+05 -0.168228E-02 -0.298977E-03
 -0.112610E-01 -0.115957E-01  0.789107E+05 -0.126118E+00  0.294800E-01 -0.190735E-05
 -0.498295E-04 -0.146673E+05  0.137436E-02  0.269592E+04  0.239849E-03 -0.233740E-03
  0.146667E+05 -0.348091E-04 -0.265289E+00 -0.419140E-03  0.269545E+04 -0.143051E-04
 -0.227010E-08 -0.293085E-02 -0.270234E-09  0.186653E-02 -0.241016E-09 -0.129280E-01
 1.4500
  0.109677E+06 -0.880241E-03  0.214768E+00  0.134277E-02  0.142840E+05  0.572205E-04
 -0.400543E-04  0.109676E+06  0.710011E-02 -0.142837E+05  0.107193E-02 -0.115871E-03
 -0.423279E-01 -0.580215E-02  0.753778E+05 -0.275993E-01 -0.140991E-01  0.000000E+00
 -0.139236E-03 -0.130788E+05  0.736594E-03  0.143988E+04  0.121117E-03 -0.132158E-02
  0.130783E+05 -0.180602E-03 -0.454916E+00 -0.276566E-04  0.143947E+04  0.226498E-04
  0.814907E-09 -0.336938E-02 -0.175614E-09  0.195522E-02  0.386228E-08 -0.737512E-01
 1.5000
  0.120691E+06  0.157261E-02  0.205414E+00 -0.404358E-03  0.118157E+05  0.228882E-04
  0.627518E-03  0.120691E+06  0.362110E-02 -0.118154E+05  0.995636E-03  0.886917E-04
  0.255280E-01  0.585651E-02  0.715337E+05 -0.556946E-02  0.610352E-03  0.762939E-05
 -0.458956E-04 -0.106014E+05  0.510454E-03  0.545656E+03  0.197411E-03  0.844240E-03
  0.106010E+05 -0.686646E-04 -0.289341E+00  0.165462E-03  0.545280E+03  0.286102E-04
 -0.116415E-08 -0.192784E-02  0.312980E-09  0.351821E-03 -0.134878E-08 -0.559665E-01
 1.5500
  0.130450E+06  0.134754E-02  0.108063E+00 -0.252151E-02  0.838338E+04 -0.190735E-04
  0.139618E-02  0.130450E+06 -0.322437E-02 -0.838321E+04  0.104904E-02 -0.156069E-02
  0.325317E-01  0.576973E-02  0.674732E+05  0.296173E-01  0.144653E-01  0.000000E+00
 -0.324249E-04 -0.717210E+04 -0.745058E-04  0.174804E+02 -0.548363E-04 -0.754163E-03
  0.717167E+04 -0.721812E-04 -0.942669E-01  0.138283E-04  0.171744E+02 -0.929832E-05
 -0.148430E-08 -0.266682E-02 -0.932801E-09 -0.527599E-04  0.832188E-10  0.166703E-01
 1.6000
  0.138804E+06 -0.177383E-03 -0.839233E-02 -0.161743E-02  0.383654E+04  0.152588E-03
 -0.152588E-04  0.138803E+06 -0.663376E-02 -0.383594E+04 -0.259399E-03 -0.159883E-02
  0.245209E-01  0.177088E-01  0.633798E+05 -0.839233E-04  0.214233E-01 -0.762939E-05
 -0.215173E-04 -0.284878E+04  0.274748E-03  0.562242E+03  0.305176E-04 -0.711802E-03
  0.284823E+04  0.325739E-04  0.399013E-01 -0.469685E-04  0.561927E+03 -0.894070E-06
  0.174623E-08 -0.307826E-02  0.360387E-09 -0.137657E-03  0.530872E-08  0.678089E-01
 1.6500
  0.145485E+06  0.169754E-02  0.299072E-01  0.648499E-04 -0.428439E+03  0.118256E-03
  0.175285E-02  0.145485E+06 -0.810719E-02  0.428537E+03  0.000000E+00 -0.148010E-02
  0.497589E-01 -0.222130E-01  0.589364E+05  0.198936E-01 -0.244141E-01 -0.381470E-05
  0.150502E-04  0.151294E+04 -0.126362E-04 -0.105885E+03 -0.132322E-04  0.162630E-02
 -0.151328E+04  0.157654E-04  0.494051E-01  0.258684E-04 -0.106085E+03 -0.217557E-05
 -0.104774E-08 -0.224752E-02 -0.645969E-09  0.152222E-02 -0.126420E-08 -0.438151E-01
 1.7000
  0.150662E+06  0.193405E-02  0.000000E+00 -0.606537E-03 -0.478310E+04  0.648499E-04
 -0.103569E-02  0.150662E+06  0.510120E-02  0.478341E+04  0.114822E-02 -0.158548E-02
  0.308228E-01  0.173073E-01  0.545092E+05 -0.493431E-02 -0.453491E-01  0.000000E+00
  0.107288E-05  0.589472E+04 -0.444531E-03 -0.106693E+04  0.650883E-04  0.134718E-02
 -0.589484E+04  0.656843E-04  0.601606E-01  0.874996E-04 -0.106714E+04 -0.321865E-05
  0.279397E-08 -0.215206E-02  0.456339E-09  0.739352E-03  0.951150E-08  0.188653E+00
 1.7500
  0.154442E+06 -0.587463E-03 -0.839233E-02 -0.173950E-02 -0.968430E+04  0.381470E-05
  0.333786E-03  0.154442E+06  0.108681E-01  0.968446E+04  0.320435E-03 -0.733614E-03
  0.473022E-01  0.102525E-01  0.502546E+05  0.510063E-01 -0.570068E-01  0.762939E-05
  0.252724E-04  0.106226E+05 -0.250101E-03 -0.761886E+03 -0.996590E-04 -0.214294E-03
 -0.106228E+05 -0.765324E-04 -0.226784E-02 -0.572205E-05 -0.762074E+03  0.100136E-04
 -0.111759E-07 -0.861195E-03  0.116870E-09 -0.146063E-02 -0.203618E-07  0.979398E-01
 1.8000
  0.156866E+06 -0.446320E-03 -0.150146E-01  0.186157E-02 -0.147333E+05 -0.152588E-04
  0.320435E-03  0.156866E+06 -0.434875E-02  0.147336E+05 -0.339508E-03 -0.521421E-03
  0.305176E-04 -0.584602E-03  0.461132E+05 -0.604630E-02 -0.166626E-01 -0.190735E-05
  0.212193E-04  0.155636E+05 -0.430107E-03  0.528704E+03  0.820160E-04 -0.406227E-02
 -0.155637E+05 -0.203371E-03 -0.611305E-02 -0.192165E-03  0.528654E+03  0.214577E-04
 -0.756700E-08 -0.249154E-02 -0.326054E-09 -0.546254E-03 -0.105665E-07  0.106165E+00
 1.8500
  0.158190E+06  0.957489E-03  0.897217E-02  0.904083E-03 -0.202763E+05  0.000000E+00
 -0.171089E-02  0.158190E+06 -0.116062E-02  0.202763E+05  0.656128E-03 -0.109720E-02
 -0.386658E-01 -0.431538E-03  0.421674E+05  0.108337E-01  0.799561E-02 -0.953674E-05
  0.203609E-03  0.207777E+05 -0.747561E-03  0.431156E+04  0.815392E-04 -0.169477E-02
 -0.207779E+05  0.724792E-04  0.191040E-01  0.206470E-03  0.431138E+04 -0.715256E-05
 -0.256114E-08 -0.326514E-02  0.432010E-09  0.189406E-03  0.218643E-08  0.129863E+00
 1.9000
  0.158387E+06  0.101852E-02 -0.181885E-01  0.534058E-04 -0.244740E+05 -0.270844E-03
  0.122261E-02  0.158387E+06 -0.142097E-03  0.244745E+05  0.438690E-03 -0.295353E-02
 -0.495911E-02 -0.435400E-02  0.381927E+05 -0.778198E-03  0.427246E-03 -0.381470E-05
  0.225544E-03  0.250060E+05  0.940561E-03  0.400742E+04  0.168800E-03  0.134343E-02
 -0.250059E+05 -0.915527E-04 -0.152664E-01 -0.399590E-03  0.400758E+04  0.867844E-04
 -0.337604E-08 -0.267660E-02 -0.287400E-09  0.450365E-03 -0.135187E-07  0.523953E-01
 1.9500
  0.157857E+06 -0.178909E-02 -0.866699E-02  0.310516E-02 -0.283880E+05 -0.648499E-04
 -0.541687E-03  0.157857E+06  0.139046E-02  0.283882E+05  0.199890E-02 -0.131559E-02
 -0.354767E-01  0.756121E-02  0.345157E+05  0.809288E-02 -0.701904E-02  0.000000E+00
 -0.753403E-04  0.290074E+05  0.603199E-04  0.331281E+04 -0.176430E-03  0.857770E-03
 -0.290074E+05  0.510216E-04 -0.436935E-01 -0.253677E-03  0.331275E+04 -0.572205E-05
 -0.100117E-07 -0.176070E-02  0.104592E-09 -0.545317E-04 -0.681757E-08 -0.284635E+00
 2.0000
  0.156625E+06 -0.151062E-02  0.108185E-01 -0.188828E-02 -0.322031E+05  0.186920E-03
  0.129700E-02  0.156625E+06  0.136948E-02  0.322030E+05 -0.229645E-02 -0.168347E-02
  0.750732E-02 -0.624847E-02  0.311452E+05  0.265179E-01  0.226440E-01  0.000000E+00
  0.239372E-03  0.327288E+05  0.162935E-02  0.356896E+04 -0.431061E-03 -0.118953E-02
 -0.327288E+05  0.102520E-03 -0.150238E+00  0.502586E-03  0.356887E+04 -0.381470E-04
 -0.176951E-07 -0.814634E-03  0.441105E-10 -0.353884E-03  0.110194E-07  0.607427E+00
 2.0500
  0.154817E+06 -0.162315E-02  0.392456E-01  0.759125E-03 -0.359660E+05 -0.141144E-03
 -0.919342E-03  0.154817E+06  0.158596E-02  0.359661E+05  0.446320E-03 -0.194454E-02
 -0.427246E-02 -0.557947E-02  0.279459E+05  0.673294E-03 -0.158691E-02  0.953674E-06
  0.262737E-03  0.364080E+05 -0.164914E-02  0.571095E+04  0.572205E-04 -0.118589E-02
 -0.364081E+05 -0.360012E-03 -0.316505E-01 -0.114441E-04  0.571086E+04 -0.190735E-05
 -0.745058E-08 -0.194831E-03  0.682121E-11 -0.887163E-03  0.165201E-07 -0.480419E+00
 2.1000
  0.152536E+06 -0.300598E-02 -0.753784E-02  0.139236E-02 -0.396631E+05 -0.305176E-04
  0.118256E-03  0.152536E+06 -0.588703E-02  0.396631E+05 -0.381470E-04 -0.230598E-02
 -0.509644E-01  0.168753E-02  0.248798E+05 -0.674152E-02 -0.228882E-02  0.953674E-06
  0.127792E-03  0.399484E+05  0.478745E-03  0.103128E+05  0.103951E-03 -0.210458E-02
 -0.399486E+05 -0.358582E-03  0.209885E-01 -0.337601E-03  0.103125E+05  0.381470E-05
 -0.111177E-07 -0.316137E-02 -0.788077E-09 -0.271280E-03  0.472937E-10  0.204128E-01
 2.1500
  0.149823E+06  0.915527E-04  0.315399E-01  0.131226E-02 -0.429881E+05  0.244141E-03
 -0.846863E-03  0.149823E+06 -0.162697E-02  0.429884E+05 -0.182724E-02 -0.118089E-02
 -0.494537E-01 -0.124216E-02  0.220394E+05  0.253677E-03 -0.114746E-01 -0.953674E-06
  0.203133E-03  0.429593E+05  0.163198E-02  0.161421E+05 -0.248909E-03  0.484228E-03
 -0.429595E+05  0.519753E-03  0.664520E-02 -0.319481E-03  0.161419E+05  0.104904E-04
 -0.116415E-08 -0.345784E-02  0.577529E-09  0.124293E-02  0.163345E-08  0.228082E+00
 2.2000
  0.146894E+06  0.173569E-03  0.189819E-01 -0.614166E-03 -0.451082E+05  0.133514E-03
 -0.131607E-02  0.146894E+06 -0.299740E-02  0.451084E+05  0.130844E-02 -0.243783E-02
 -0.399017E-02  0.280094E-02  0.194543E+05 -0.160217E-02 -0.102844E-01  0.190735E-05
  0.171661E-03  0.451811E+05  0.140858E-02  0.139568E+05  0.839233E-04  0.672150E-02
 -0.451814E+05  0.337124E-03 -0.976715E-01  0.174522E-03  0.139566E+05  0.438690E-04
  0.215368E-07 -0.156339E-02 -0.204636E-10  0.487354E-03  0.160780E-07  0.455317E-01
 2.2500
  0.143788E+06 -0.955582E-03  0.120239E-01 -0.185394E-02 -0.471768E+05 -0.118256E-03
  0.120544E-02  0.143788E+06  0.478363E-02  0.471771E+05 -0.207138E-02 -0.748634E-03
 -0.301590E-01  0.869846E-02  0.167385E+05 -0.802612E-02  0.451660E-02 -0.953674E-06
  0.474930E-03  0.473133E+05  0.172615E-03  0.137818E+05  0.323296E-03 -0.355053E-02
 -0.473137E+05 -0.183105E-03 -0.287247E-01 -0.114441E-03  0.137817E+05 -0.267029E-04
 -0.124273E-07 -0.882963E-03  0.372893E-10 -0.426708E-03  0.981709E-08 -0.196071E-01
 2.3000
  0.140528E+06 -0.318527E-03 -0.105896E-01 -0.652313E-03 -0.490026E+05  0.305176E-04
  0.549316E-03  0.140528E+06  0.201273E-02  0.490028E+05  0.141525E-02 -0.195074E-02
 -0.346909E-01 -0.198841E-03  0.131368E+05  0.182009E-02 -0.258026E-01  0.000000E+00
  0.238419E-04  0.491007E+05  0.231791E-02  0.143601E+05  0.771523E-03  0.427008E-03
 -0.491009E+05 -0.629425E-03  0.107956E-01 -0.171661E-03  0.143601E+05 -0.896454E-04
 -0.104774E-07 -0.188714E-02 -0.964064E-10 -0.401614E-02 -0.972614E-08 -0.113031E+00
 2.3500
  0.137138E+06  0.116920E-02  0.390778E-01  0.991821E-03 -0.506806E+05 -0.164032E-03
 -0.827789E-03  0.137138E+06 -0.229406E-02  0.506808E+05  0.149918E-02 -0.136185E-02
  0.350189E-02 -0.100374E-01  0.306734E+04 -0.103332E-01 -0.270489E+00  0.286102E-05
  0.352859E-03  0.507455E+05 -0.174999E-03  0.171685E+05 -0.556946E-03 -0.250340E-02
 -0.507456E+05  0.129700E-03 -0.175682E+00  0.554085E-03  0.171682E+05  0.762939E-05
 -0.197906E-08 -0.194456E-02  0.554792E-10 -0.168070E-02  0.275559E-07 -0.121550E+00
 2.4000
  0.133607E+06  0.329971E-03 -0.341949E-01  0.541687E-03 -0.519379E+05  0.175476E-03
 -0.297546E-03  0.133607E+06 -0.946999E-03  0.519379E+05 -0.101089E-03 -0.192523E-02
 -0.668335E-01 -0.394082E-02  0.227740E+05  0.407982E-02  0.317291E+00 -0.190735E-05
  0.410080E-04  0.518581E+05 -0.516701E-02  0.199941E+05 -0.195503E-03  0.428081E-03
 -0.518581E+05 -0.157356E-03  0.339966E-01 -0.220299E-03  0.199941E+05 -0.400543E-04
  0.123400E-07  0.159701E-02 -0.935415E-09 -0.336715E-02 -0.431646E-07 -0.236174E+00
 2.4500
  0.130056E+06 -0.133514E-03 -0.487823E-01  0.782013E-04 -0.528015E+05 -0.160217E-03
  0.286102E-03  0.130056E+06 -0.238943E-02  0.528018E+05  0.940323E-03 -0.723362E-03
 -0.966644E-02 -0.152292E-01  0.120199E+05 -0.320721E-02  0.928955E-01  0.000000E+00
 -0.639915E-03  0.526601E+05 -0.574350E-03  0.228098E+05 -0.597954E-03 -0.314558E-02
 -0.526603E+05 -0.813484E-03  0.365067E-01 -0.406265E-03  0.228096E+05  0.991821E-04
 -0.139698E-07 -0.584776E-03 -0.118689E-09 -0.123097E-02 -0.366927E-07 -0.371345E+00
 2.5000
  0.126464E+06 -0.130844E-02 -0.672302E-01  0.839233E-03 -0.532467E+05  0.164032E-03
  0.105095E-02  0.126464E+06  0.656605E-03  0.532468E+05 -0.263977E-02 -0.194240E-02
 -0.115128E-01  0.458241E-02  0.806579E+04 -0.880384E-02  0.276947E-01  0.953674E-06
 -0.428200E-03  0.529097E+05  0.153971E-02  0.234701E+05  0.101089E-03  0.608206E-03
 -0.529098E+05 -0.267029E-03  0.600891E-01 -0.296593E-03  0.234699E+05 -0.648499E-04
  0.878936E-08  0.757130E-03  0.889031E-10 -0.479711E-02 -0.691398E-08 -0.551585E-01
 2.5500
  0.122995E+06  0.215530E-03 -0.997772E-01  0.334549E-02 -0.538056E+05 -0.190735E-04
  0.216484E-02  0.122995E+06 -0.218153E-02  0.538057E+05  0.686646E-04 -0.133777E-02
 -0.610352E-04  0.619078E-02  0.803448E+04 -0.353336E-02  0.450897E-01  0.190735E-05
 -0.400543E-04  0.532770E+05 -0.230455E-02  0.235539E+05 -0.343323E-03  0.895739E-03
 -0.532771E+05 -0.222206E-03  0.284882E-01 -0.310898E-03  0.235537E+05  0.400543E-04
 -0.884756E-08 -0.644814E-03 -0.796945E-10 -0.239969E-02 -0.734008E-08  0.411138E+00
 2.6000
  0.119568E+06  0.514984E-03 -0.917282E-01  0.774384E-03 -0.540886E+05  0.202179E-03
  0.228882E-03  0.119568E+06  0.165558E-02  0.540888E+05 -0.295639E-03 -0.628471E-03
  0.126343E-01  0.110149E-03  0.744965E+04  0.130253E-01  0.302048E-01  0.953674E-06
  0.723839E-03  0.533644E+05 -0.968695E-03  0.250358E+05 -0.250816E-03 -0.292897E-03
 -0.533646E+05  0.733376E-03  0.316467E-01  0.581741E-03  0.250356E+05  0.553131E-04
  0.125729E-07 -0.998020E-03 -0.191278E-10 -0.424281E-03 -0.692455E-08  0.380146E+00
 2.6500
  0.116268E+06 -0.667572E-04 -0.169044E+00 -0.230789E-03 -0.540977E+05 -0.324249E-03
 -0.123215E-02  0.116268E+06 -0.303268E-02  0.540979E+05 -0.635147E-03 -0.438213E-03
  0.137024E-01  0.290394E-02  0.650298E+04  0.284195E-02  0.323486E-01 -0.143051E-05
  0.529289E-03  0.533201E+05 -0.309944E-05  0.264872E+05 -0.189781E-03  0.893116E-03
 -0.533203E+05 -0.449181E-03  0.617599E-01 -0.257492E-03  0.264870E+05 -0.762939E-04
 -0.791624E-08 -0.239550E-02  0.548653E-09  0.137425E-04 -0.175532E-08  0.452062E+00
 2.7000
  0.113177E+06  0.707626E-03 -0.242058E+00  0.450134E-03 -0.535833E+05  0.915527E-04
  0.825882E-03  0.113177E+06 -0.287437E-02  0.535836E+05 -0.194550E-03 -0.685215E-03
  0.669861E-02 -0.267363E-02  0.549792E+04  0.465870E-03  0.280609E-01 -0.143051E-05
  0.123978E-04  0.527061E+05 -0.165308E-02  0.268030E+05 -0.420094E-03 -0.145268E-02
 -0.527063E+05  0.231743E-03  0.965691E-01 -0.469685E-03  0.268026E+05  0.305176E-04
  0.111759E-07 -0.193929E-02 -0.278760E-09 -0.785379E-03 -0.273740E-07 -0.112074E+01
 2.7500
  0.111020E+06  0.154305E-02 -0.246185E+00 -0.200272E-03 -0.529219E+05 -0.114441E-04
  0.871658E-03  0.111020E+06 -0.416446E-02  0.529216E+05 -0.175476E-03 -0.873327E-03
  0.496292E-02  0.294614E-02  0.451170E+04  0.357866E-02  0.274811E-01  0.000000E+00
  0.578880E-03  0.512140E+05  0.160754E-02  0.242265E+05 -0.355244E-03 -0.123501E-03
 -0.512142E+05  0.272751E-03  0.822334E-01  0.306129E-03  0.242258E+05 -0.209808E-04
 -0.111759E-07 -0.111001E-02  0.105229E-08  0.509581E-02  0.181435E-07 -0.221371E+01
 2.8000
  0.192982E+06 -0.747681E-03 -0.285189E+01 -0.121403E-02  0.243528E+05 -0.305176E-04
 -0.144958E-03  0.192982E+06  0.822186E-02 -0.243572E+05  0.720024E-03 -0.360508E-01
  0.196419E-01 -0.133514E-02  0.368416E+04  0.587392E-02  0.213242E-02  0.000000E+00
 -0.392914E-03 -0.700022E+05  0.249481E-02 -0.144656E+06  0.396729E-03 -0.104598E+00
  0.699819E+05  0.114441E-03 -0.625183E+00  0.946045E-03 -0.144648E+06 -0.175476E-03
  0.121072E-07 -0.198771E-02  0.507725E-09  0.387576E-02 -0.107252E-07  0.647310E+00
 2.8500
  0.992337E+05 -0.145149E-02  0.116676E+00 -0.868797E-03 -0.538942E+05  0.110626E-03
  0.938416E-03  0.992336E+05  0.346541E-02  0.538939E+05  0.114059E-02  0.103617E-02
  0.494385E-02  0.186372E-02  0.305852E+04  0.581717E-02 -0.475311E-02  0.190735E-05
  0.364304E-03  0.517300E+05 -0.734568E-03  0.286575E+05  0.180721E-03 -0.146735E-02
 -0.517298E+05  0.195503E-03 -0.306854E-01 -0.256538E-03  0.286574E+05 -0.127792E-03
 -0.223517E-07 -0.140435E-02  0.377668E-09 -0.368581E-03 -0.202635E-08  0.110869E+01
 2.9000
  0.970531E+05  0.782013E-04  0.389862E-02 -0.896454E-03 -0.517565E+05 -0.572205E-04
 -0.755310E-03  0.970530E+05 -0.135994E-02  0.517563E+05  0.455856E-03 -0.181866E-02
  0.227356E-02 -0.285792E-02  0.253763E+04 -0.478268E-03 -0.489044E-02  0.190735E-05
  0.150681E-03  0.502656E+05 -0.698090E-03  0.249679E+05  0.391006E-04 -0.276566E-03
 -0.502656E+05 -0.102997E-03 -0.152245E-01 -0.547409E-03  0.249680E+05  0.228882E-04
  0.130385E-07 -0.178006E-03  0.156888E-10  0.188416E-02 -0.168411E-07  0.114815E+01
 2.9500
  0.942805E+05 -0.267029E-04  0.218773E-01  0.471115E-03 -0.505452E+05 -0.572205E-04
  0.974655E-03  0.942805E+05 -0.245857E-02  0.505453E+05  0.456810E-03 -0.165200E-02
  0.309753E-02 -0.145197E-02  0.202093E+04 -0.475121E-02 -0.236130E-02  0.000000E+00
  0.178337E-03  0.491995E+05  0.535369E-03  0.269354E+05 -0.198364E-03 -0.606060E-03
 -0.491995E+05  0.216484E-03 -0.781631E-02  0.351906E-03  0.269353E+05 -0.705719E-04
 -0.372529E-07 -0.201945E-02 -0.654836E-10 -0.172219E-02  0.148466E-07 -0.140966E+01
 3.0000
  0.913874E+05 -0.417709E-03  0.164948E-01 -0.381470E-05 -0.496842E+05 -0.267029E-04
 -0.782013E-03  0.913874E+05  0.854731E-03  0.496840E+05  0.104332E-02 -0.855446E-03
 -0.104141E-02 -0.383258E-03  0.168414E+04 -0.966668E-03  0.616074E-03 -0.476837E-06
 -0.418663E-03  0.482096E+05  0.259578E-03  0.280497E+05  0.383854E-03 -0.183821E-03
 -0.482097E+05 -0.257492E-04 -0.952339E-02  0.259399E-03  0.280498E+05 -0.228882E-04
  0.409782E-07  0.441443E-03  0.783103E-09  0.193330E-02 -0.248658E-07  0.204496E+01
 3.0500
  0.885478E+05 -0.726700E-03  0.335312E-02  0.614166E-03 -0.486846E+05  0.610352E-04
 -0.358582E-03  0.885478E+05 -0.584126E-04  0.486847E+05  0.289917E-03 -0.486612E-03
  0.155640E-02 -0.151694E-02  0.146499E+04 -0.405550E-03 -0.151253E-02  0.000000E+00
 -0.925064E-04  0.472916E+05  0.400662E-03  0.279140E+05 -0.285864E-03 -0.106573E-02
 -0.472917E+05 -0.234604E-03  0.419998E-02  0.128508E-03  0.279141E+05  0.381470E-05
  0.130385E-07 -0.477248E-03 -0.720561E-10 -0.150947E-03 -0.159891E-07 -0.140766E+01
 3.1000
  0.857073E+05 -0.207901E-03  0.556564E-02 -0.677109E-04 -0.477767E+05 -0.228882E-04
 -0.616074E-03  0.857073E+05 -0.716329E-03  0.477767E+05  0.211716E-03 -0.102186E-02
  0.222778E-02 -0.153422E-03  0.147317E+04  0.282919E-02 -0.242996E-02  0.238419E-06
  0.314713E-03  0.463994E+05 -0.573516E-03  0.278270E+05  0.109673E-04 -0.575542E-03
 -0.463994E+05  0.268936E-03 -0.206947E-02  0.140429E-03  0.278270E+05  0.133514E-04
 -0.651926E-08 -0.850297E-03  0.173728E-10 -0.230410E-03 -0.464789E-08  0.423372E+00
 3.1500
  0.828003E+05 -0.147247E-02  0.985336E-02 -0.298500E-03 -0.463634E+05  0.762939E-05
 -0.102997E-03  0.828002E+05 -0.631332E-03  0.463634E+05 -0.562668E-04 -0.627279E-03
 -0.286102E-02  0.436306E-03  0.149602E+04 -0.167847E-02  0.299644E-02 -0.953674E-06
 -0.392914E-03  0.450010E+05 -0.268161E-03  0.264859E+05 -0.284195E-03 -0.188351E-03
 -0.450011E+05 -0.358582E-03 -0.475311E-02 -0.159740E-04  0.264859E+05  0.305176E-04
  0.372529E-08 -0.923538E-03  0.151942E-09 -0.873639E-03 -0.347973E-08 -0.200650E+00
 3.2000
  0.800039E+05  0.535965E-03  0.100365E-01 -0.443459E-04 -0.449080E+05 -0.991821E-04
  0.356674E-03  0.800040E+05 -0.387192E-03  0.449079E+05 -0.285149E-03 -0.980854E-03
 -0.585175E-02  0.945210E-03  0.147945E+04 -0.190991E-02 -0.237083E-02  0.119209E-05
  0.276566E-03  0.436727E+05 -0.255883E-03  0.253485E+05 -0.617504E-04 -0.104785E-03
 -0.436728E+05  0.143051E-03 -0.282764E-02  0.120878E-03  0.253485E+05 -0.114441E-04
  0.186265E-08 -0.873358E-03 -0.895852E-10 -0.369502E-03 -0.459568E-08  0.460336E+00
 3.2500
  0.774265E+05 -0.171089E-02 -0.172176E-01  0.217438E-03 -0.437436E+05  0.183105E-03
  0.425339E-03  0.774264E+05  0.662446E-03  0.437434E+05 -0.476837E-06 -0.494242E-03
  0.196457E-03  0.453353E-03  0.120305E+04  0.333691E-02 -0.814438E-02 -0.143051E-05
  0.206947E-03  0.428568E+05 -0.117779E-03  0.252007E+05 -0.524282E-03 -0.276327E-03
 -0.428568E+05 -0.190735E-04 -0.201483E-01  0.587225E-03  0.252007E+05  0.591278E-04
  0.162981E-07 -0.131840E-02 -0.522959E-11 -0.904799E-03 -0.211367E-08 -0.197482E+00
 3.3000
  0.749200E+05  0.381470E-04 -0.354385E-02  0.457764E-04 -0.422725E+05 -0.118256E-03
  0.226974E-03  0.749199E+05 -0.125349E-02  0.422724E+05 -0.636578E-03 -0.105214E-02
  0.146332E-01 -0.296116E-03 -0.275171E+04  0.516587E-02 -0.845070E-01 -0.953674E-06
 -0.199318E-03  0.417334E+05  0.717044E-04  0.245488E+05  0.155687E-03  0.393391E-05
 -0.417335E+05  0.153542E-03 -0.220308E-01 -0.302315E-03  0.245488E+05  0.514984E-04
  0.204891E-07 -0.102359E-02 -0.759428E-10 -0.684252E-03  0.284140E-07 -0.129238E+01
 3.3500
  0.723660E+05  0.555038E-03  0.293922E-02 -0.462532E-04 -0.406048E+05  0.152588E-04
 -0.318527E-03  0.723659E+05  0.309467E-03  0.406047E+05 -0.777245E-04 -0.570059E-03
  0.420380E-02 -0.174880E-03  0.856373E+03  0.126618E-02  0.528336E-03 -0.238419E-06
  0.202179E-03  0.403160E+05  0.197113E-03  0.231868E+05 -0.183582E-04  0.180602E-03
 -0.403161E+05  0.109673E-03 -0.427246E-02  0.340462E-03  0.231868E+05 -0.247955E-04
 -0.931323E-09 -0.172787E-02 -0.295586E-11 -0.787643E-03  0.104010E-07  0.411379E+00
 3.4000
  0.699565E+05 -0.114441E-04  0.892448E-02  0.700951E-04 -0.391525E+05 -0.839233E-04
  0.381470E-04  0.699565E+05  0.128984E-03  0.391525E+05 -0.524521E-04 -0.616312E-03
 -0.454998E-02  0.157952E-03  0.991477E+03  0.979006E-03  0.119591E-02  0.715256E-06
  0.413895E-03  0.390220E+05 -0.286043E-03  0.219170E+05 -0.174522E-03 -0.726819E-03
 -0.390220E+05  0.610352E-04 -0.852680E-02  0.235558E-03  0.219170E+05  0.000000E+00
  0.111759E-07 -0.803042E-03  0.102318E-11 -0.409973E-03 -0.525324E-08  0.991477E+00
 3.4500
  0.676573E+05 -0.267029E-04 -0.261688E-02  0.323772E-03 -0.377955E+05 -0.160217E-03
  0.858307E-03  0.676572E+05 -0.239432E-03  0.377954E+05  0.232697E-03 -0.592470E-03
 -0.420284E-02  0.375807E-03  0.105284E+04  0.472605E-03  0.199413E-02  0.715256E-06
  0.481606E-03  0.376709E+05 -0.395238E-03  0.210350E+05  0.219822E-03 -0.234604E-03
 -0.376710E+05 -0.415802E-03  0.373840E-02 -0.920296E-04  0.210351E+05 -0.381470E-04
  0.512227E-08 -0.108340E-02  0.245564E-10 -0.386485E-03  0.344789E-08 -0.156098E+00
 3.5000
  0.654901E+05 -0.579834E-03  0.190163E-02  0.252485E-03 -0.365130E+05  0.122070E-03
  0.701904E-03  0.654901E+05 -0.516593E-03  0.365130E+05 -0.190735E-05 -0.427008E-03
 -0.193977E-02 -0.220299E-03  0.998155E+03 -0.140429E-03  0.919342E-03  0.000000E+00
  0.251770E-03  0.363687E+05 -0.404418E-03  0.201388E+05  0.777245E-04 -0.223875E-03
 -0.363687E+05 -0.991821E-04  0.287819E-02  0.477314E-03  0.201388E+05  0.114441E-04
 -0.931323E-09 -0.697559E-03  0.181899E-10 -0.204707E-03  0.246746E-08 -0.466734E+00
 3.5500
  0.633914E+05 -0.572205E-05 -0.108910E-02  0.896454E-04 -0.353066E+05 -0.762939E-04
  0.249863E-03  0.633915E+05 -0.289857E-03  0.353066E+05  0.175476E-03 -0.300407E-03
 -0.733376E-03  0.125712E-02  0.886406E+03 -0.272870E-03  0.934601E-03 -0.357628E-06
  0.561714E-03  0.350798E+05  0.329912E-04  0.200483E+05 -0.574589E-04 -0.148058E-03
 -0.350798E+05 -0.648499E-04  0.106001E-02  0.212669E-03  0.200482E+05 -0.133514E-04
  0.372529E-08 -0.831084E-03 -0.138471E-09 -0.463690E-03 -0.481577E-08  0.193942E+00
 3.6000
  0.613191E+05 -0.786781E-03  0.350094E-02 -0.128508E-03 -0.339299E+05  0.343323E-04
 -0.242233E-03  0.613190E+05 -0.437200E-03  0.339298E+05  0.851154E-04 -0.486612E-03
  0.196457E-03  0.554204E-03  0.709225E+03 -0.601351E-03 -0.791550E-04 -0.119209E-06
  0.762939E-04  0.333529E+05 -0.143945E-03  0.197343E+05  0.355840E-04 -0.147343E-03
 -0.333529E+05  0.305176E-04 -0.116277E-02 -0.120401E-04  0.197342E+05 -0.209808E-04
  0.651926E-08 -0.137745E-03 -0.127329E-10 -0.237243E-03  0.790169E-08  0.542470E+00
 3.6500
  0.593756E+05  0.238419E-03  0.877380E-04  0.166893E-03 -0.322848E+05  0.305176E-04
  0.265121E-03  0.593756E+05 -0.138879E-04  0.322849E+05 -0.305414E-03 -0.561714E-03
  0.404358E-03 -0.115633E-04  0.502761E+03 -0.329018E-03 -0.667572E-05  0.000000E+00
  0.297546E-03  0.311796E+05  0.583529E-04  0.187327E+05  0.162050E-03 -0.201344E-03
 -0.311796E+05  0.638962E-04  0.550622E-02  0.134528E-03  0.187327E+05 -0.381470E-04
  0.838190E-08  0.127123E-03  0.331966E-10 -0.453576E-03 -0.373257E-08  0.382556E+00
 3.7000
  0.551003E+05 -0.276566E-03  0.331697E-01  0.302136E-03 -0.267254E+05  0.801086E-04
  0.288010E-03  0.551001E+05  0.125468E-04  0.267252E+05 -0.101745E-03  0.127316E-03
  0.572205E-05  0.366867E-03  0.320001E+03  0.101805E-03 -0.288010E-02 -0.238419E-06
 -0.186920E-03  0.236531E+05  0.864416E-04  0.131457E+05 -0.125170E-03  0.112939E-02
 -0.236532E+05 -0.201225E-03 -0.146272E-01  0.592470E-04  0.131459E+05  0.000000E+00
 -0.102445E-07 -0.606765E-03 -0.570708E-10 -0.527917E-03  0.603814E-08 -0.184604E+00
 3.7500
  0.522872E+05 -0.313759E-03  0.111389E-01  0.426769E-04 -0.305748E+05 -0.183105E-03
 -0.877380E-04  0.522872E+05 -0.435829E-03  0.305748E+05 -0.650883E-04 -0.205278E-03
 -0.146294E-02 -0.270307E-03  0.176342E+03 -0.180453E-03  0.147200E-02  0.119209E-06
 -0.365257E-03  0.299734E+05  0.104122E-04  0.194144E+05  0.439718E-03 -0.572205E-05
 -0.299735E+05  0.275612E-03 -0.611985E-02 -0.508130E-05  0.194145E+05  0.381470E-04
  0.232831E-08 -0.484994E-03 -0.125738E-09 -0.727483E-03 -0.112132E-07 -0.116361E+00
 3.8000
  0.521092E+05  0.430107E-03  0.750065E-02 -0.270128E-03 -0.294243E+05  0.762939E-05
  0.123978E-03  0.521091E+05 -0.731349E-04  0.294243E+05 -0.169873E-03 -0.369310E-03
 -0.937462E-03 -0.969768E-04  0.617529E+02  0.158593E-03  0.675201E-03  0.178814E-06
 -0.762939E-04  0.282810E+05  0.452325E-04  0.169651E+05  0.207484E-03 -0.365615E-03
 -0.282810E+05  0.185966E-04 -0.856638E-03 -0.114232E-03  0.169652E+05  0.247955E-04
  0.931323E-09 -0.545064E-03 -0.286491E-10 -0.320847E-03  0.698765E-08 -0.317548E+00
 3.8500
  0.504802E+05 -0.363350E-03  0.826168E-02 -0.665665E-03 -0.279108E+05 -0.343323E-04
  0.753403E-03  0.504802E+05  0.260264E-03  0.279106E+05  0.138283E-04 -0.580549E-03
 -0.476837E-05  0.388622E-04 -0.320581E+02  0.113796E-03  0.255436E-03 -0.119209E-06
  0.179291E-03  0.264810E+05 -0.474527E-04  0.148272E+05  0.121951E-03 -0.413060E-03
 -0.264811E+05 -0.972748E-04 -0.279611E-02  0.457466E-05  0.148272E+05  0.362396E-04
  0.465661E-09 -0.120517E-02 -0.427463E-10 -0.900121E-03  0.147247E-08 -0.531022E-01
 3.9000
  0.487356E+05  0.485420E-03  0.982285E-03 -0.946522E-04 -0.264928E+05  0.381470E-04
 -0.385284E-03  0.487356E+05  0.122607E-03  0.264928E+05  0.619888E-05 -0.424147E-03
 -0.123358E-02 -0.236243E-03 -0.654473E+02  0.117278E-03  0.116125E-02 -0.596046E-07
  0.172615E-03  0.248398E+05  0.657886E-05  0.136098E+05  0.391603E-04 -0.148416E-03
 -0.248398E+05 -0.120640E-03 -0.167561E-02 -0.471771E-04  0.136098E+05  0.286102E-04
  0.186265E-08 -0.288862E-03  0.102318E-10  0.267401E-04 -0.152068E-08  0.154882E-01
 3.9500
  0.471221E+05 -0.839233E-04  0.213671E-02 -0.841618E-04 -0.252992E+05  0.572205E-04
  0.190735E-05  0.471220E+05 -0.205055E-03  0.252992E+05 -0.210762E-03 -0.941753E-04
  0.533104E-03  0.365674E-03  0.288913E+01  0.346557E-03 -0.654757E-04 -0.596046E-07
  0.173569E-03  0.236566E+05  0.295117E-04  0.129515E+05 -0.196397E-04 -0.254869E-03
 -0.236567E+05 -0.419617E-04 -0.176001E-02  0.452697E-04  0.129515E+05 -0.495911E-04
 -0.144355E-07 -0.594801E-03  0.125056E-11 -0.500011E-03 -0.101863E-09 -0.209706E+00
 4.0000
  0.456015E+05 -0.190735E-05  0.325823E-02 -0.578165E-05 -0.241218E+05  0.129700E-03
 -0.648499E-04  0.456014E+05 -0.976920E-04  0.241218E+05  0.330627E-03 -0.492334E-03
  0.128174E-02  0.103876E-03  0.700445E+02 -0.516932E-03 -0.663400E-03  0.000000E+00
  0.397682E-03  0.228069E+05 -0.129841E-03  0.119987E+05  0.641346E-04 -0.206232E-04
 -0.228069E+05  0.667572E-05 -0.214922E-02  0.154376E-03  0.119987E+05  0.133514E-04
 -0.745058E-08 -0.130735E-03 -0.113687E-12 -0.502626E-04 -0.281761E-08 -0.548992E+00
 4.0500
  0.442056E+05 -0.675201E-03  0.198722E-02 -0.133157E-03 -0.229800E+05  0.419617E-04
 -0.286102E-04  0.442056E+05 -0.100300E-03  0.229799E+05  0.165224E-03 -0.155210E-03
 -0.482082E-03 -0.197142E-03  0.149473E+03 -0.885874E-05  0.131726E-03 -0.596046E-07
  0.467300E-04  0.222093E+05  0.835303E-05  0.109280E+05 -0.105403E-03 -0.363231E-03
 -0.222093E+05  0.235081E-03 -0.166243E-02  0.664480E-04  0.109280E+05  0.324249E-04
  0.102445E-07 -0.102231E-02  0.231921E-10 -0.756322E-03  0.120640E-07 -0.512918E+00
 4.1000
  0.428581E+05  0.206947E-03  0.632930E-02  0.111103E-03 -0.220123E+05 -0.991821E-04
  0.133514E-03  0.428580E+05 -0.667721E-04  0.220123E+05 -0.194132E-03 -0.513554E-03
 -0.162601E-03 -0.798106E-04  0.275678E+03  0.117436E-03  0.420094E-03  0.119209E-06
 -0.422478E-03  0.218561E+05  0.266805E-04  0.105704E+05  0.210658E-03 -0.289559E-03
 -0.218562E+05  0.175476E-03 -0.535923E-02  0.626147E-04  0.105704E+05  0.400543E-04
  0.558794E-08 -0.141076E-02 -0.170814E-10 -0.864986E-03 -0.136060E-08 -0.243098E+00
 4.1500
  0.415630E+05  0.322342E-03  0.211239E-02 -0.148594E-03 -0.210749E+05  0.000000E+00
 -0.478745E-03  0.415630E+05 -0.142008E-04  0.210750E+05  0.509024E-04 -0.304699E-03
  0.109708E-02 -0.566859E-04  0.436422E+03 -0.205636E-05 -0.303268E-03  0.149012E-07
 -0.190735E-04  0.214575E+05  0.140071E-05  0.104284E+05  0.824928E-04 -0.450611E-04
 -0.214575E+05 -0.519753E-04 -0.420690E-03  0.429153E-05  0.104284E+05 -0.324249E-04
  0.814907E-09  0.448811E-03 -0.232987E-10  0.314257E-03  0.173543E-09 -0.164170E-01
 4.2000
  0.402114E+05 -0.270844E-03  0.501490E-02 -0.284970E-03 -0.199406E+05 -0.190735E-04
  0.427246E-03  0.402114E+05  0.162870E-04  0.199406E+05  0.144243E-03 -0.484705E-03
  0.683069E-04 -0.167765E-03  0.500937E+03 -0.524521E-04  0.369549E-03  0.372529E-08
  0.820160E-04  0.206075E+05  0.446439E-04  0.965701E+04  0.199676E-04 -0.253201E-03
 -0.206075E+05 -0.275612E-03  0.569582E-03  0.122488E-03  0.965699E+04 -0.572205E-05
  0.279397E-08  0.258084E-03 -0.827072E-11  0.643030E-04  0.584089E-08  0.249328E+00
 4.2500
  0.388951E+05 -0.476837E-05  0.305629E-02 -0.161588E-03 -0.189056E+05  0.000000E+00
  0.303268E-03  0.388951E+05 -0.603348E-04  0.189056E+05 -0.894070E-06 -0.376463E-03
  0.607014E-03  0.123285E-03  0.500776E+03  0.371933E-04  0.172615E-03  0.223517E-07
  0.991821E-04  0.197396E+05 -0.121221E-04  0.920042E+04  0.648499E-04 -0.295639E-04
 -0.197396E+05 -0.428677E-03 -0.562906E-03 -0.596642E-04  0.920043E+04 -0.381470E-05
  0.977889E-08 -0.534887E-03  0.000000E+00 -0.257094E-03  0.801492E-09 -0.140924E+00
 4.3000
  0.376134E+05 -0.372887E-03 -0.824451E-03  0.126958E-03 -0.179848E+05  0.190735E-04
 -0.179291E-03  0.376134E+05  0.106737E-03  0.179848E+05 -0.466704E-04 -0.401735E-03
  0.428587E-03  0.707414E-04  0.450191E+03 -0.601709E-04  0.196934E-03  0.104308E-06
  0.762939E-05  0.189314E+05  0.695810E-04  0.898942E+04 -0.336170E-04 -0.104308E-03
 -0.189314E+05 -0.238419E-05  0.808716E-03 -0.164092E-03  0.898942E+04 -0.143051E-04
  0.111759E-07 -0.886158E-03 -0.125056E-11 -0.454052E-03  0.166165E-08  0.285108E+00
 4.3500
  0.362516E+05  0.858307E-04 -0.201559E-02  0.318587E-04 -0.169748E+05 -0.648499E-04
 -0.858307E-04  0.362516E+05 -0.930205E-04  0.169748E+05  0.131130E-04 -0.374317E-03
  0.587173E-03 -0.605271E-04  0.342946E+03  0.112578E-03  0.239849E-03 -0.232831E-07
 -0.400543E-04  0.179536E+05 -0.142306E-04  0.851050E+04 -0.102818E-05 -0.240207E-03
 -0.179536E+05  0.236988E-03  0.116432E-02 -0.101298E-03  0.851049E+04  0.209808E-04
 -0.558794E-08 -0.369112E-03 -0.147793E-11 -0.148601E-03 -0.710293E-08  0.592168E+00
 4.4000
  0.344727E+05  0.370026E-03  0.941753E-05 -0.131726E-04 -0.155398E+05 -0.362396E-04
 -0.179291E-03  0.344728E+05 -0.104718E-04  0.155398E+05 -0.388488E-03 -0.220060E-03
  0.124095E-03 -0.723776E-04  0.219683E+03 -0.532418E-04  0.140429E-03  0.174623E-07
  0.801086E-04  0.166187E+05  0.285497E-05  0.754525E+04  0.484101E-05 -0.277281E-03
 -0.166187E+05  0.198841E-03  0.733241E-03  0.647455E-04  0.754526E+04  0.352859E-04
 -0.116415E-08 -0.172164E-03 -0.397904E-12  0.413562E-04 -0.779892E-09  0.106050E+00
 4.4500
  0.269286E+05 -0.953674E-04 -0.274777E-02 -0.202954E-04 -0.965566E+04 -0.762939E-05
  0.360489E-03  0.269285E+05 -0.956953E-04  0.965563E+04 -0.133812E-04 -0.805020E-03
  0.903308E-04  0.480723E-04  0.102433E+03  0.110194E-03 -0.332594E-04  0.204891E-07
  0.141144E-03  0.117942E+05  0.589788E-04  0.413723E+04  0.625849E-05 -0.259995E-03
 -0.117942E+05  0.195503E-04  0.642061E-03 -0.451803E-04  0.413724E+04  0.143051E-04
  0.577711E-08 -0.350678E-03 -0.744649E-11 -0.853741E-04  0.556156E-09  0.114109E-02
 4.5000
  0.311116E+05 -0.514984E-04 -0.652385E-02  0.966787E-04 -0.163352E+05  0.305176E-04
  0.331879E-03  0.311116E+05 -0.597388E-04  0.163352E+05 -0.274181E-03 -0.434637E-03
  0.580758E-03  0.393949E-04 -0.634235E+01 -0.276137E-04 -0.227183E-03  0.260770E-07
  0.352859E-04  0.143045E+05  0.401661E-04  0.748462E+04 -0.101656E-03 -0.247419E-03
 -0.143045E+05 -0.183105E-03  0.184691E-02  0.256747E-04  0.748463E+04  0.343323E-04
  0.186265E-08 -0.474982E-03  0.881073E-12 -0.279432E-03  0.229545E-08  0.364962E+00
 4.5500
  0.316643E+05  0.438690E-03 -0.229061E-02 -0.603497E-04 -0.151653E+05  0.667572E-04
 -0.260353E-03  0.316643E+05 -0.100620E-03  0.151653E+05 -0.679493E-05 -0.497103E-03
 -0.108004E-03  0.297409E-04 -0.733818E+02  0.170834E-03  0.169098E-03  0.186265E-07
  0.329018E-04  0.134642E+05  0.185296E-04  0.640901E+04  0.300705E-04 -0.969172E-04
 -0.134642E+05 -0.791550E-04  0.122786E-03 -0.135303E-04  0.640902E+04  0.314713E-04
 -0.279397E-08 -0.888931E-03 -0.110347E-10 -0.515105E-03 -0.125900E-08  0.281049E+00
 4.6000
  0.306685E+05 -0.205994E-03  0.740290E-03  0.122011E-03 -0.142565E+05  0.419617E-04
  0.234604E-03  0.306685E+05 -0.138795E-04  0.142565E+05 -0.169031E-03 -0.392079E-03
 -0.374243E-03 -0.717305E-05 -0.119277E+03  0.658259E-04  0.290394E-03  0.000000E+00
  0.829697E-04  0.126390E+05  0.430942E-04  0.577192E+04 -0.400543E-04 -0.104070E-03
 -0.126390E+05  0.157356E-04 -0.823975E-03 -0.109673E-04  0.577194E+04  0.371933E-04
 -0.558794E-08  0.406845E-04  0.353140E-11  0.398497E-04  0.192301E-09  0.357202E+00
 4.6500
  0.297278E+05  0.149727E-03 -0.537351E-03  0.862982E-04 -0.134516E+05 -0.686646E-04
  0.222206E-03  0.297278E+05  0.522239E-05  0.134516E+05  0.574738E-04 -0.146627E-03
  0.539437E-03 -0.144094E-04 -0.131824E+03  0.510365E-05 -0.309706E-03  0.111759E-07
 -0.127792E-03  0.121096E+05  0.686347E-04  0.518963E+04 -0.321269E-04 -0.548959E-04
 -0.121097E+05  0.252724E-04 -0.534773E-03 -0.953674E-06  0.518963E+04 -0.762939E-05
  0.260770E-07 -0.481675E-03 -0.355271E-11 -0.268437E-03 -0.268778E-08 -0.785495E+00
 4.7000
  0.288371E+05  0.139236E-03  0.658214E-03  0.170097E-04 -0.127552E+05  0.209808E-04
 -0.362396E-04  0.288371E+05  0.939984E-05  0.127551E+05  0.372529E-08  0.251412E-03
 -0.191748E-03  0.360683E-04 -0.788209E+02 -0.569783E-04  0.157118E-03  0.223517E-07
 -0.996590E-04  0.118990E+05  0.336170E-04  0.481288E+04 -0.118613E-04 -0.127077E-03
 -0.118990E+05  0.510216E-04 -0.539780E-03 -0.858307E-05  0.481289E+04  0.362396E-04
  0.419095E-08  0.896614E-03 -0.412115E-12  0.433592E-03 -0.334717E-08 -0.208057E+00
 4.7500
  0.279230E+05 -0.143051E-04 -0.309944E-04  0.459682E-04 -0.120418E+05 -0.209808E-04
  0.677109E-04  0.279229E+05  0.547199E-05  0.120418E+05 -0.429675E-04 -0.311136E-04
  0.520229E-03 -0.229590E-04  0.239740E+02 -0.248430E-04 -0.142664E-03  0.223517E-07
 -0.791550E-04  0.116991E+05 -0.291243E-04  0.456619E+04 -0.263155E-04 -0.114739E-03
 -0.116992E+05 -0.476837E-05 -0.419974E-03  0.168681E-04  0.456619E+04  0.171661E-04
 -0.372529E-08 -0.892070E-03 -0.107718E-10 -0.424216E-03 -0.401781E-08 -0.473957E+00
 4.8000
  0.271295E+05  0.495911E-04 -0.166295E-02  0.103908E-03 -0.114200E+05 -0.190735E-04
 -0.102997E-03  0.271294E+05  0.114087E-06  0.114199E+05 -0.594184E-06 -0.256777E-03
  0.441551E-03  0.455603E-05  0.117904E+03  0.304803E-04 -0.203371E-03  0.223517E-07
  0.391006E-04  0.116347E+05  0.146031E-05  0.444911E+04 -0.950247E-04 -0.242770E-03
 -0.116348E+05  0.381470E-05  0.635087E-04 -0.211447E-04  0.444912E+04  0.143051E-04
  0.558794E-08 -0.249446E-03 -0.554223E-11 -0.102608E-03 -0.417390E-08 -0.195374E+00
 4.8500
  0.262782E+05 -0.175476E-03  0.153670E-02 -0.447035E-05 -0.107161E+05 -0.228882E-04
 -0.407219E-03  0.262782E+05  0.419468E-05  0.107161E+05  0.295117E-04 -0.630617E-04
 -0.107169E-03 -0.662357E-05  0.170842E+03  0.144660E-03  0.143051E-03 -0.149012E-07
  0.953674E-04  0.113528E+05  0.714138E-05  0.413319E+04 -0.246912E-04 -0.558496E-04
 -0.113528E+05 -0.429153E-05 -0.417650E-03  0.553578E-04  0.413319E+04 -0.286102E-05
 -0.186265E-08  0.181506E-03 -0.167688E-11  0.611457E-04 -0.758490E-08  0.742226E+00
 4.9000
  0.254399E+05 -0.107765E-03  0.789762E-04  0.689924E-05 -0.100820E+05 -0.591278E-04
 -0.273705E-03  0.254399E+05 -0.134483E-04  0.100819E+05  0.193939E-03 -0.393867E-03
  0.249147E-04  0.167862E-04  0.213237E+03  0.492781E-04  0.157356E-04  0.298023E-07
 -0.495911E-04  0.110732E+05  0.847802E-04  0.399619E+04 -0.112057E-04 -0.128269E-03
 -0.110733E+05  0.105858E-03  0.445843E-04  0.348687E-05  0.399620E+04  0.162125E-04
  0.186265E-08 -0.717300E-03 -0.461853E-13 -0.311387E-03  0.216808E-08  0.225224E+00
 4.9500
  0.245349E+05  0.467300E-04  0.208241E-02  0.203997E-04 -0.947569E+04 -0.762939E-05
  0.305176E-04  0.245349E+05  0.282489E-04  0.947568E+04 -0.591576E-05 -0.124335E-03
  0.392437E-03  0.271499E-04  0.220953E+03 -0.222921E-04 -0.177622E-03 -0.298023E-07
 -0.100136E-03  0.107259E+05 -0.110865E-04  0.395809E+04 -0.578463E-04 -0.913739E-04
 -0.107259E+05  0.400543E-04 -0.197649E-03 -0.167191E-04  0.395810E+04  0.381470E-05
  0.000000E+00 -0.208897E-03 -0.390088E-11 -0.409238E-04  0.238742E-10 -0.209062E+00
 5.0000
  0.233573E+05 -0.207901E-03  0.313517E-02 -0.530854E-04 -0.869943E+04  0.438690E-04
 -0.131607E-03  0.233573E+05 -0.131875E-05  0.869943E+04 -0.317022E-04 -0.351787E-03
  0.756621E-03 -0.234097E-04  0.174720E+03  0.344515E-04 -0.165462E-03  0.149012E-07
 -0.472069E-04  0.100862E+05 -0.960752E-05  0.373618E+04 -0.479817E-04 -0.130653E-03
 -0.100862E+05  0.834465E-04 -0.106734E-02  0.150502E-04  0.373618E+04  0.152588E-04
  0.000000E+00 -0.689781E-03 -0.549960E-11 -0.226678E-03  0.118939E-08  0.115344E+00
