Nb de periode :    95
 0.3000
  0.862743E+05  0.303586E-03 -0.527802E+00 -0.209808E-03 -0.162041E+05 -0.123978E-03
  0.866254E-03  0.862738E+05  0.276407E-02  0.162045E+05 -0.762939E-03 -0.764529E-03
  0.629552E-01  0.216258E-01  0.309818E+06  0.207392E+00  0.244141E-02 -0.317891E-05
  0.228286E-03  0.177388E+05 -0.140031E-01  0.676037E+06  0.467936E-02 -0.140133E-02
 -0.177392E+05 -0.565251E-04  0.761057E+00 -0.411987E-02  0.676037E+06  0.953674E-05
 -0.347694E-06  0.174505E-03  0.265269E-10 -0.731019E-03  0.266389E-06  0.844305E+02
 0.3500
  0.873301E+05 -0.216620E-03 -0.546875E+00 -0.463213E-04 -0.159594E+05 -0.844683E-04
 -0.143051E-03  0.873298E+05 -0.776904E-02  0.159596E+05 -0.656673E-03 -0.357117E-03
  0.829315E-01  0.970704E-02  0.310824E+06 -0.134386E-01  0.143345E+00 -0.190735E-04
  0.100817E-03  0.179629E+05  0.231879E-01  0.674203E+06  0.176566E-02 -0.209385E-02
 -0.179630E+05 -0.391688E-04  0.142155E+01  0.550406E-02  0.674204E+06 -0.217983E-04
  0.340598E-06  0.148461E-03 -0.511591E-09 -0.577507E-03  0.227636E-06  0.838297E+02
 0.4000
  0.878242E+05 -0.152588E-03 -0.376415E+00 -0.238419E-04 -0.155827E+05  0.905991E-04
 -0.782013E-03  0.878238E+05  0.633597E-03  0.155830E+05 -0.405312E-04 -0.114590E-02
  0.162306E+00  0.144911E-01  0.311352E+06  0.228500E-01 -0.343323E-01  0.238419E-05
  0.447035E-04  0.173455E+05 -0.335002E-01  0.673424E+06  0.933647E-02  0.743307E-03
 -0.173457E+05 -0.843406E-04  0.119087E+01  0.594139E-02  0.673424E+06  0.417233E-05
  0.372529E-06 -0.818470E-04  0.106866E-09  0.556538E-05 -0.696468E-06  0.842113E+02
 0.4500
  0.892912E+05 -0.855128E-03 -0.139991E+00 -0.347561E-03 -0.156600E+05  0.847711E-05
 -0.547833E-03  0.892908E+05  0.329018E-02  0.156603E+05  0.128428E-02 -0.335375E-03
  0.196415E+00  0.143607E-01  0.310714E+06 -0.375960E-01  0.171441E+00  0.423855E-05
  0.381470E-04  0.177158E+05 -0.222736E-02  0.674665E+06 -0.551012E-03  0.657092E-03
 -0.177161E+05 -0.504653E-04  0.122511E+01  0.821432E-02  0.674664E+06  0.256962E-04
  0.794729E-06 -0.315596E-03  0.170530E-09  0.150055E-03  0.925057E-07  0.840858E+02
 0.5000
  0.900315E+05  0.114441E-04 -0.820618E-01 -0.118256E-03 -0.150353E+05  0.129700E-03
  0.613213E-03  0.900313E+05 -0.286150E-02  0.150354E+05  0.843048E-03 -0.877619E-03
  0.219345E+00 -0.934124E-03  0.307782E+06  0.189743E-01  0.102783E+00  0.572205E-05
  0.791550E-04  0.165631E+05  0.942612E-02  0.674447E+06 -0.245667E-02 -0.168592E-03
 -0.165633E+05 -0.944138E-04  0.950745E+00  0.396729E-03  0.674448E+06 -0.104904E-04
  0.596046E-07 -0.106082E-02 -0.364253E-09  0.627163E-03 -0.203381E-07  0.839912E+02
 0.5500
  0.918960E+05  0.710054E-03  0.117077E+00 -0.136289E-02 -0.151093E+05 -0.110973E-03
 -0.296506E-03  0.918958E+05 -0.308297E-02  0.151092E+05 -0.787215E-03 -0.899488E-03
  0.851718E-01 -0.777981E-02  0.302924E+06 -0.680362E+00  0.510476E-01  0.866977E-05
 -0.127446E-03  0.172962E+05  0.445973E-02  0.673633E+06  0.735196E-03  0.999543E-03
 -0.172961E+05 -0.161691E-03  0.481456E+00 -0.242753E-02  0.673635E+06 -0.173395E-04
  0.325116E-06 -0.106667E-02 -0.399351E-09  0.653591E-03  0.335926E-06  0.843381E+02
 0.6000
  0.936779E+05  0.259082E-03  0.142962E+00  0.139872E-03 -0.147313E+05  0.810623E-04
  0.419617E-03  0.936778E+05  0.204484E-02  0.147310E+05 -0.556310E-03 -0.816385E-03
  0.824738E-01  0.162534E-01  0.296976E+06 -0.129636E-01  0.135091E+00  0.158946E-05
 -0.217160E-03  0.166952E+05  0.994046E-02  0.675276E+06 -0.940959E-03 -0.419095E-03
 -0.166948E+05  0.141660E-03  0.367584E+00 -0.462850E-02  0.675281E+06  0.246366E-04
 -0.198682E-06 -0.508853E-03 -0.100423E-09  0.225986E-03  0.218356E-06  0.844980E+02
 0.6500
  0.951397E+05 -0.685178E-03  0.946749E-01  0.316913E-03 -0.141331E+05  0.176063E-04
  0.228882E-03  0.951397E+05 -0.368338E-02  0.141326E+05 -0.174889E-02 -0.555332E-03
  0.904494E-01  0.963431E-02  0.289716E+06 -0.890937E-01  0.243202E+00  0.000000E+00
  0.850971E-04  0.159240E+05  0.370994E-01  0.673490E+06 -0.387339E-03 -0.188282E-03
 -0.159234E+05  0.688663E-04  0.600023E+00  0.260573E-02  0.673496E+06  0.513517E-05
 -0.412648E-06  0.250910E-03  0.514214E-10 -0.260566E-03 -0.311285E-06  0.842950E+02
 0.7000
  0.977354E+05 -0.446865E-03 -0.310560E+00 -0.414167E-03 -0.142846E+05 -0.103542E-03
 -0.340598E-04  0.977350E+05 -0.282696E-02  0.142840E+05 -0.784738E-03 -0.124386E-02
  0.502559E-01 -0.854220E-03  0.282149E+06  0.643049E-03  0.354353E+00 -0.108991E-04
  0.107970E-03  0.163472E+05  0.479289E-02  0.675536E+06  0.140599E-02  0.218004E-03
 -0.163466E+05  0.102861E-03  0.111969E+01  0.134059E-02  0.675544E+06  0.374658E-05
 -0.425747E-06 -0.218110E-02 -0.282593E-09  0.281503E-03  0.171505E-09  0.842483E+02
 0.7500
  0.100304E+06  0.962575E-03 -0.383138E+00 -0.712077E-04 -0.137112E+05  0.254313E-04
 -0.272115E-03  0.100303E+06 -0.433413E-02  0.137107E+05  0.155894E-02 -0.124280E-02
 -0.574748E-01 -0.546710E-02  0.274134E+06  0.436249E+00 -0.369466E-01  0.114441E-04
  0.123024E-03  0.159529E+05 -0.489044E-02  0.673859E+06 -0.334676E-02  0.121764E-02
 -0.159528E+05 -0.158946E-04  0.699300E+00 -0.177002E-02  0.673866E+06  0.104904E-04
  0.476837E-06 -0.357586E-03  0.418974E-09 -0.206294E-03 -0.390663E-06  0.843952E+02
 0.8000
  0.102379E+06  0.551939E-03  0.175972E+00  0.195503E-03 -0.133053E+05  0.286102E-04
  0.108004E-02  0.102378E+06 -0.899434E-03  0.133048E+05 -0.667572E-04 -0.132337E-02
 -0.278425E+00 -0.283122E-01  0.266116E+06  0.400734E+00 -0.887604E+00 -0.107288E-04
  0.135601E-04  0.147911E+05  0.935793E-02  0.675515E+06  0.123024E-02  0.449736E-03
 -0.147910E+05  0.149012E-04 -0.240173E+01  0.495911E-02  0.675523E+06 -0.298023E-05
  0.149012E-06 -0.329332E-03  0.684963E-10 -0.174935E-03 -0.204955E-07  0.842898E+02
 0.8500
  0.105516E+06 -0.380348E-03  0.207322E+00  0.740500E-03 -0.134122E+05  0.920015E-04
 -0.813428E-03  0.105516E+06 -0.565024E-02  0.134121E+05 -0.212277E-02 -0.151045E-02
 -0.224313E+00  0.348652E-02  0.257698E+06 -0.207879E-01 -0.198041E+00  0.336591E-05
  0.280492E-05  0.155018E+05  0.427111E-01  0.674090E+06 -0.304278E-02  0.122705E-02
 -0.155025E+05  0.111776E-03 -0.882568E+00  0.534058E-02  0.674094E+06  0.218784E-04
  0.210369E-06 -0.573491E-02 -0.714756E-09  0.306464E-02  0.128211E-06  0.843910E+02
 0.9000
  0.108798E+06  0.140932E-03  0.234324E+00  0.114865E-02 -0.138471E+05  0.156826E-03
 -0.413259E-04  0.108798E+06 -0.547091E-02  0.138470E+05 -0.250075E-03 -0.107182E-02
 -0.472683E-01  0.179794E-02  0.250045E+06 -0.296529E-01 -0.732422E-01  0.635783E-05
  0.395377E-03  0.159117E+05 -0.191900E-01  0.676549E+06  0.447591E-02 -0.167920E-03
 -0.159116E+05 -0.109937E-04 -0.463528E+00 -0.718859E-02  0.676552E+06 -0.158946E-05
 -0.463592E-06 -0.671394E-02 -0.144205E-08  0.431509E-02 -0.120498E-06  0.842391E+02
 0.9500
  0.111754E+06 -0.970740E-03  0.456864E+00  0.413593E-03 -0.136580E+05  0.321238E-04
 -0.114642E-02  0.111754E+06 -0.631533E-02  0.136576E+05 -0.891435E-03 -0.164935E-02
 -0.102756E+00  0.137231E-01  0.242148E+06  0.215406E+00 -0.258404E+00 -0.702707E-05
  0.569695E-04  0.157458E+05  0.130904E-02  0.674289E+06 -0.452945E-02 -0.124724E-02
 -0.157456E+05  0.120590E-03 -0.115029E+01 -0.398335E-02  0.674294E+06  0.100387E-05
 -0.125483E-06 -0.100270E-01 -0.101385E-08  0.487463E-02  0.372533E-06  0.845478E+02
 1.0000
  0.114075E+06  0.757218E-03  0.605515E+00  0.782013E-03 -0.138086E+05  0.133514E-04
  0.190735E-03  0.114075E+06  0.100565E-01  0.138081E+05 -0.961304E-03 -0.163984E-02
 -0.268631E-01 -0.488830E-02  0.234738E+06  0.134201E-01 -0.294189E-01  0.123978E-04
  0.598431E-04  0.154515E+05 -0.122356E-01  0.672877E+06  0.524902E-02 -0.493482E-03
 -0.154515E+05 -0.302792E-04 -0.760803E+00  0.350952E-03  0.672880E+06  0.691414E-05
 -0.178814E-06 -0.472639E-02 -0.143382E-08  0.211925E-02  0.483147E-06  0.844460E+02
 1.0500
  0.116587E+06 -0.653948E-03  0.515515E+00 -0.183469E-02 -0.153048E+05  0.799270E-04
  0.131880E-02  0.116586E+06 -0.892912E-02  0.153047E+05 -0.179109E-02 -0.228746E-02
 -0.372750E-01 -0.286239E-02  0.228253E+06  0.917853E-01  0.902158E-01  0.272478E-05
  0.113306E-03  0.166659E+05 -0.164105E-01  0.676323E+06  0.100999E-01 -0.324817E-03
 -0.166664E+05  0.737962E-04 -0.608957E+00  0.498454E-02  0.676326E+06  0.449589E-04
  0.113533E-06 -0.701155E-02 -0.210916E-09  0.274321E-02  0.196867E-07  0.843399E+02
 1.1000
  0.118623E+06 -0.138630E-02  0.207922E+00  0.260093E-03 -0.162191E+05 -0.381470E-04
  0.485507E-04  0.118622E+06  0.589197E-02  0.162190E+05 -0.131780E-02 -0.202331E-02
 -0.245597E-01  0.182824E-02  0.221605E+06  0.272786E+00  0.671387E-01 -0.433488E-05
 -0.450828E-04  0.179554E+05  0.642950E-02  0.672908E+06  0.427246E-02  0.119461E-02
 -0.179563E+05  0.725009E-04 -0.182329E+00  0.280207E-02  0.672911E+06  0.138716E-04
  0.379302E-06 -0.503389E-02  0.569674E-09  0.225933E-02  0.499756E-06  0.844063E+02
 1.1500
  0.119712E+06 -0.197867E-02  0.850246E-01 -0.404690E-03 -0.177752E+05 -0.132685E-03
 -0.820989E-03  0.119712E+06 -0.258404E-02  0.177753E+05 -0.138324E-02 -0.156340E-02
 -0.430165E-01  0.233318E-02  0.215778E+06  0.876385E-01  0.747283E-01 -0.165856E-05
  0.638547E-04  0.194028E+05  0.852502E-02  0.671810E+06 -0.101504E-01  0.398574E-03
 -0.194038E+05 -0.943308E-04 -0.536048E-01  0.478993E-02  0.671812E+06 -0.132685E-04
  0.518301E-07 -0.215100E-02 -0.400178E-09  0.573536E-03 -0.316654E-06  0.842474E+02
 1.2000
  0.120004E+06 -0.197728E-02  0.121078E+00 -0.185331E-02 -0.202508E+05 -0.508626E-04
 -0.905991E-04  0.120003E+06  0.395616E-02  0.202510E+05 -0.124613E-02 -0.131349E-02
 -0.377146E-01 -0.212610E-02  0.210941E+06  0.295722E+00  0.299072E-01 -0.198682E-05
  0.150204E-03  0.216411E+05 -0.227674E-01  0.674086E+06  0.336965E-02 -0.306259E-02
 -0.216422E+05 -0.552336E-04 -0.226084E+00  0.570933E-02  0.674087E+06 -0.198682E-04
  0.397364E-06 -0.257635E-02  0.878041E-09  0.174575E-02  0.626320E-06  0.843840E+02
 1.2500
  0.119060E+06  0.218201E-02  0.983154E-01 -0.946045E-04 -0.224023E+05 -0.366211E-04
  0.158234E-02  0.119059E+06  0.183868E-03  0.224026E+05  0.299072E-03 -0.145817E-02
 -0.464569E-01  0.363646E-02  0.206320E+06 -0.416931E-01 -0.153320E-01  0.495911E-05
  0.219727E-03  0.238176E+05  0.921020E-02  0.672471E+06  0.552979E-02  0.122368E-02
 -0.238185E+05 -0.365829E-03 -0.100928E+00 -0.601807E-02  0.672472E+06  0.419617E-05
  0.000000E+00 -0.109428E-02 -0.297223E-09  0.190372E-03  0.943124E-07  0.845265E+02
 1.3000
  0.116889E+06 -0.101383E-02  0.867873E-01  0.795218E-03 -0.248661E+05  0.117375E-03
 -0.328651E-03  0.116888E+06  0.345744E-02  0.248663E+05 -0.478304E-03 -0.168544E-02
 -0.374339E-01  0.455655E-03  0.202208E+06 -0.312072E+00 -0.716459E-01  0.733596E-06
 -0.315446E-04  0.263866E+05 -0.192877E-01  0.670712E+06  0.725379E-02 -0.106018E-02
 -0.263877E+05  0.130580E-03 -0.131179E+00 -0.758244E-02  0.670713E+06  0.000000E+00
  0.916995E-07 -0.233394E-02 -0.442504E-09  0.678070E-03 -0.740015E-06  0.843219E+02
 1.3500
  0.113442E+06 -0.863252E-03  0.640643E-01 -0.178019E-03 -0.276987E+05 -0.762939E-04
  0.168129E-03  0.113441E+06 -0.415166E-02  0.276988E+05 -0.760114E-03 -0.649558E-03
 -0.248280E-01 -0.541652E-03  0.199018E+06  0.161596E+00 -0.470197E-02  0.211928E-05
 -0.212987E-03  0.291019E+05  0.427161E-01  0.671279E+06 -0.192148E-02 -0.173569E-02
 -0.291029E+05 -0.246896E-03 -0.139974E+00  0.339084E-03  0.671280E+06  0.141285E-04
  0.176606E-06 -0.480848E-02 -0.342239E-09  0.230383E-02 -0.270151E-06  0.842505E+02
 1.4000
  0.108735E+06 -0.297001E-03  0.452641E-01  0.228882E-03 -0.308061E+05 -0.171661E-03
  0.340598E-04  0.108735E+06 -0.944819E-02  0.308062E+05 -0.272478E-05 -0.157595E-02
 -0.183937E-01  0.463767E-03  0.196714E+06 -0.977979E-01 -0.230190E-01  0.766345E-06
  0.159740E-03  0.317455E+05 -0.147166E-01  0.674774E+06 -0.482832E-02  0.372146E-03
 -0.317462E+05  0.262260E-04 -0.143738E+00  0.166757E-02  0.674775E+06  0.476837E-05
  0.000000E+00 -0.260317E-02 -0.320272E-09  0.863657E-03 -0.545406E-06  0.842437E+02
 1.4500
  0.102977E+06 -0.881327E-04  0.173740E-01  0.326222E-03 -0.328926E+05 -0.228882E-03
  0.209151E-03  0.102976E+06 -0.101681E-02  0.328928E+05  0.286760E-03 -0.440828E-03
 -0.195148E-01 -0.183513E-02  0.194214E+06  0.179496E+00 -0.572468E-01 -0.108933E-05
  0.415999E-03  0.339844E+05  0.141012E-02  0.672188E+06 -0.436717E-02  0.179369E-02
 -0.339849E+05 -0.309451E-03 -0.162564E+00  0.305176E-03  0.672189E+06  0.131541E-04
  0.000000E+00 -0.298462E-02  0.635705E-09  0.108739E-02  0.391005E-06  0.842719E+02
 1.5000
  0.965046E+05  0.291189E-03 -0.108846E-02  0.996908E-03 -0.349154E+05 -0.109355E-03
 -0.130844E-02  0.965044E+05  0.181707E-02  0.349154E+05  0.111898E-03  0.286102E-05
  0.136786E-01  0.162411E-02  0.192417E+06  0.198466E+00 -0.512695E-02  0.397364E-07
 -0.178655E-03  0.360697E+05  0.324427E-01  0.671221E+06  0.960286E-02  0.469208E-03
 -0.360701E+05 -0.116984E-03 -0.373942E-01  0.813802E-04  0.671221E+06  0.133514E-04
 -0.103315E-05 -0.108837E-02 -0.441257E-09 -0.539267E-03 -0.247393E-06  0.842737E+02
 1.5500
  0.894486E+05  0.344553E-03 -0.149339E-01 -0.145205E-03 -0.366693E+05 -0.910605E-04
 -0.841695E-03  0.894483E+05 -0.195226E-02  0.366694E+05 -0.157510E-03 -0.134345E-02
  0.181881E-01  0.103058E-02  0.191288E+06  0.199422E+00  0.178774E-01  0.384546E-06
 -0.111365E-03  0.376592E+05  0.277661E-01  0.672172E+06 -0.492219E-04 -0.243418E-03
 -0.376594E+05  0.978285E-04  0.324077E-01  0.100413E-02  0.672173E+06  0.000000E+00
 -0.538365E-06 -0.116636E-02  0.456948E-09 -0.211944E-03  0.207711E-06  0.842434E+02
 1.6000
  0.822097E+05 -0.185668E-02  0.277615E-01  0.102043E-02 -0.382542E+05 -0.715256E-05
 -0.272989E-03  0.822093E+05 -0.198722E-02  0.382542E+05  0.100136E-03 -0.694245E-03
  0.132501E-01 -0.201017E-03  0.190777E+06 -0.321045E+00  0.365448E-01 -0.894070E-06
 -0.545382E-03  0.389889E+05 -0.125575E-01  0.675788E+06  0.525475E-02  0.722334E-03
 -0.389891E+05  0.159740E-03 -0.208282E-01  0.925064E-03  0.675788E+06  0.953674E-05
 -0.223517E-06 -0.157373E-02 -0.473221E-09 -0.106907E-02  0.321691E-06  0.842771E+02
 1.6500
  0.749096E+05 -0.256047E-03 -0.334769E-02 -0.376846E-03 -0.388009E+05 -0.136404E-03
 -0.654278E-03  0.749093E+05 -0.225009E-02  0.388010E+05  0.515562E-03 -0.680288E-03
  0.201971E-01  0.585209E-05  0.190346E+06 -0.949328E-01  0.491241E-01  0.577984E-06
  0.568159E-03  0.394389E+05 -0.327463E-01  0.675449E+06 -0.991359E-02 -0.405239E-03
 -0.394391E+05 -0.303153E-03  0.160911E+00 -0.132243E-02  0.675449E+06 -0.346791E-05
  0.288992E-06 -0.987132E-03 -0.220966E-09  0.547391E-03 -0.763162E-06  0.842643E+02
 1.7000
  0.679158E+05  0.855502E-03 -0.135713E-01  0.117919E-02 -0.389386E+05 -0.134636E-03
  0.678792E-03  0.679156E+05 -0.609342E-02  0.389385E+05  0.408397E-03 -0.122982E-02
  0.769222E-02 -0.118999E-03  0.190155E+06 -0.387300E+00  0.162497E+00  0.280492E-06
  0.953674E-04  0.397157E+05 -0.131495E-02  0.674286E+06  0.499950E-02 -0.172643E-03
 -0.397157E+05  0.115563E-03  0.171042E+00  0.119019E-01  0.674287E+06  0.628303E-04
  0.350616E-06 -0.592229E-03 -0.438363E-10 -0.230638E-03  0.869839E-07  0.841196E+02
 1.7500
  0.612548E+05 -0.505720E-03 -0.117188E-01 -0.371661E-03 -0.388224E+05  0.174386E-04
 -0.622341E-03  0.612547E+05  0.611986E-03  0.388224E+05  0.120217E-02 -0.811441E-03
  0.121852E-01 -0.523158E-03  0.190355E+06  0.364750E+00  0.166295E+00 -0.272478E-06
  0.566755E-04  0.396902E+05  0.517055E-01  0.674739E+06 -0.422015E-02 -0.175817E-03
 -0.396902E+05 -0.294822E-03  0.246931E+00 -0.897217E-02  0.674739E+06 -0.163487E-04
  0.681196E-07 -0.108370E-03 -0.133826E-09 -0.484445E-03 -0.759724E-07  0.841635E+02
 1.8000
  0.549810E+05 -0.255373E-03 -0.103082E-01  0.953674E-04 -0.382756E+05  0.360277E-04
  0.392066E-03  0.549808E+05  0.707308E-04  0.382757E+05 -0.557370E-03 -0.652340E-03
  0.295215E-02  0.540415E-04  0.190886E+06 -0.677787E-01  0.501166E-01  0.264910E-06
 -0.330077E-03  0.389998E+05  0.100115E-01  0.676057E+06  0.138262E-01 -0.115547E-02
 -0.389998E+05 -0.369814E-03  0.790066E-01  0.108507E-02  0.676057E+06  0.233120E-04
  0.463592E-06 -0.398583E-03  0.995391E-10 -0.711144E-03 -0.263489E-06  0.840985E+02
 1.8500
  0.492269E+05 -0.811396E-03  0.155062E-02 -0.693863E-03 -0.375072E+05  0.340230E-04
  0.106193E-03  0.492269E+05  0.109183E-02  0.375072E+05 -0.119596E-03 -0.399319E-03
  0.156712E-02 -0.158516E-04  0.191632E+06 -0.108498E+00 -0.708668E-01 -0.180425E-05
 -0.220634E-03  0.380781E+05 -0.213231E-01  0.679181E+06 -0.954293E-02  0.116632E-04
 -0.380781E+05  0.103100E-05 -0.107884E+00 -0.132793E-02  0.679180E+06 -0.268060E-04
  0.000000E+00 -0.633521E-03 -0.283664E-09 -0.398114E-03  0.480862E-06  0.841394E+02
 1.9000
  0.440096E+05 -0.581741E-03 -0.175436E-01 -0.215832E-04 -0.362651E+05 -0.230890E-04
  0.123978E-03  0.440095E+05  0.118682E-02  0.362651E+05  0.157607E-03 -0.403743E-03
 -0.742862E-03  0.673846E-04  0.192450E+06  0.188534E+00 -0.451018E-01 -0.752901E-06
 -0.338303E-03  0.367385E+05 -0.163791E-01  0.678620E+06 -0.535664E-02 -0.350601E-03
 -0.367385E+05 -0.299153E-03 -0.332160E-01 -0.349346E-02  0.678620E+06 -0.120464E-04
  0.627417E-06 -0.423271E-03  0.569631E-10 -0.643012E-04  0.154683E-06  0.842725E+02
 1.9500
  0.393776E+05 -0.239641E-04  0.328064E-02 -0.308599E-03 -0.349659E+05  0.176063E-04
  0.239152E-03  0.393776E+05 -0.523787E-03  0.349659E+05  0.831408E-05 -0.464060E-03
  0.860752E-04  0.379024E-04  0.193349E+06 -0.154184E+00 -0.137720E-01 -0.489064E-06
 -0.461676E-03  0.355859E+05  0.235103E-01  0.677704E+06  0.325521E-02 -0.488391E-03
 -0.355859E+05  0.767341E-03 -0.157126E-01  0.400641E-02  0.677703E+06 -0.430376E-04
 -0.122266E-06 -0.247604E-03  0.480400E-10 -0.973410E-04  0.334552E-06  0.843767E+02
 2.0000
  0.352464E+05  0.312328E-03 -0.282288E-02 -0.145435E-03 -0.335304E+05 -0.238419E-04
 -0.231266E-03  0.352464E+05 -0.135899E-03  0.335303E+05 -0.193596E-03 -0.169337E-03
  0.465393E-03 -0.116110E-03  0.194387E+06  0.501976E-01 -0.524902E-01  0.953674E-06
 -0.345230E-03  0.343028E+05  0.354843E-01  0.677352E+06 -0.137024E-01 -0.519514E-03
 -0.343028E+05 -0.127792E-03 -0.140625E+00 -0.148010E-02  0.677351E+06  0.352859E-04
  0.000000E+00 -0.108395E-03  0.366072E-10  0.575000E-04  0.642760E-06  0.844585E+02
 2.0500
  0.315425E+05 -0.348905E-05 -0.951814E-02 -0.170033E-03 -0.319512E+05  0.902502E-04
  0.313084E-03  0.315425E+05 -0.122466E-03  0.319512E+05  0.386820E-03 -0.296744E-03
  0.155565E-02 -0.647103E-03  0.195503E+06 -0.516826E-01 -0.988472E-02 -0.465207E-06
  0.601978E-03  0.327090E+05 -0.130351E-01  0.677705E+06 -0.168219E-02 -0.539233E-03
 -0.327089E+05 -0.165148E-03  0.899748E-01  0.470417E-02  0.677704E+06 -0.223299E-04
  0.174453E-06  0.126431E-03  0.865129E-10  0.156862E-03 -0.214783E-07  0.843819E+02
 2.1000
  0.282618E+05  0.231834E-03 -0.155676E-02  0.137602E-03 -0.302218E+05  0.199817E-04
  0.554039E-04  0.282618E+05  0.359899E-04  0.302219E+05 -0.235240E-03 -0.163941E-03
 -0.291007E-02 -0.104166E-02  0.196701E+06  0.425237E+00  0.537109E-01 -0.454131E-06
  0.831059E-04  0.309204E+05  0.558036E-02  0.678471E+06  0.302269E-02 -0.544389E-04
 -0.309204E+05 -0.664393E-03  0.678943E-01 -0.566755E-02  0.678469E+06  0.999087E-05
  0.510897E-06 -0.170345E-03  0.120833E-09 -0.292378E-03  0.134851E-06  0.839507E+02
 2.1500
  0.254014E+05 -0.581076E-04 -0.273248E-01 -0.215353E-03 -0.283828E+05  0.168556E-04
  0.594383E-04  0.254014E+05 -0.632086E-05  0.283828E+05  0.513432E-03 -0.329960E-03
 -0.187719E-02  0.860081E-03  0.197980E+06  0.375792E-02 -0.238463E-02  0.000000E+00
 -0.259045E-03  0.289577E+05  0.219620E-01  0.679199E+06  0.273948E-02 -0.988772E-03
 -0.289578E+05 -0.184747E-03  0.859602E-01  0.264013E-02  0.679200E+06 -0.443569E-04
  0.277231E-06 -0.938080E-04  0.689524E-10 -0.258545E-03  0.220986E-07  0.838838E+02
 2.2000
  0.229394E+05  0.114007E-03  0.406959E-02  0.866977E-06 -0.268156E+05  0.104037E-04
  0.615553E-04  0.229394E+05  0.447035E-04  0.268156E+05  0.899488E-04 -0.121919E-03
 -0.480305E-02 -0.475537E-03  0.199135E+06 -0.359046E+00  0.787908E-02 -0.866977E-06
 -0.113574E-03  0.273203E+05 -0.422512E-01  0.678373E+06  0.110696E-01 -0.629642E-03
 -0.273203E+05 -0.201572E-03 -0.452215E-01  0.252464E-02  0.678372E+06 -0.459498E-04
 -0.541860E-06  0.227107E-03 -0.756534E-10 -0.136496E-03 -0.226415E-06  0.841636E+02
 2.2500
  0.208149E+05  0.181410E-03  0.590600E-02  0.379350E-04 -0.252454E+05 -0.131395E-04
  0.127157E-04  0.208149E+05 -0.334316E-04  0.252454E+05 -0.150045E-03 -0.325627E-03
  0.554064E-02  0.405841E-04  0.200453E+06  0.218719E+00 -0.170356E-01  0.000000E+00
 -0.364516E-04  0.258518E+05 -0.751411E-01  0.677929E+06  0.800239E-03  0.815709E-03
 -0.258518E+05  0.368754E-04 -0.547418E-01  0.781250E-02  0.677927E+06 -0.178019E-04
 -0.105964E-06  0.249429E-03  0.299123E-10 -0.674946E-03 -0.563492E-06  0.842103E+02
 2.3000
  0.189962E+05 -0.129886E-03 -0.196789E-02 -0.524521E-04 -0.236977E+05  0.352445E-04
  0.323420E-03  0.189962E+05 -0.878002E-04  0.236977E+05 -0.369031E-03 -0.227016E-03
  0.110129E-01 -0.379915E-03  0.202257E+06  0.108802E+00 -0.576384E-01 -0.124392E-05
 -0.202759E-03  0.244506E+05  0.630918E-02  0.677692E+06  0.107077E-01 -0.941080E-03
 -0.244507E+05 -0.207942E-03  0.277047E-01  0.797438E-02  0.677691E+06  0.207320E-04
  0.103660E-06 -0.636876E-03  0.137611E-09 -0.159440E-03  0.592832E-08  0.841919E+02
 2.3500
  0.173942E+05  0.503215E-04 -0.102981E-01  0.166386E-04 -0.220751E+05 -0.365237E-05
 -0.184648E-04  0.173942E+05 -0.480388E-04  0.220750E+05 -0.994256E-05 -0.151485E-03
  0.238248E-01  0.299291E-05  0.207140E+06  0.162909E+00 -0.235829E-01  0.405819E-06
  0.245520E-03  0.228268E+05 -0.238686E-01  0.677236E+06 -0.261023E-02 -0.842734E-03
 -0.228268E+05  0.106325E-03  0.241543E-01  0.675283E-02  0.677236E+06  0.243491E-04
  0.000000E+00 -0.138235E-03  0.139327E-10 -0.185475E-03 -0.450202E-06  0.841387E+02
 2.4000
  0.160165E+05  0.952681E-04 -0.105858E-01 -0.214775E-03 -0.204652E+05  0.715256E-05
  0.171761E-03  0.160165E+05 -0.566244E-05  0.204651E+05  0.107884E-03 -0.142753E-03
  0.124359E-01 -0.306129E-02  0.195966E+06  0.228628E-01  0.503947E+00 -0.794729E-06
 -0.766913E-04  0.210639E+05  0.278123E-01  0.676576E+06  0.197093E-02  0.458459E-03
 -0.210639E+05 -0.252326E-04  0.511678E-01 -0.521342E-03  0.676574E+06 -0.341733E-04
 -0.993411E-06  0.283805E-04  0.526749E-10 -0.366692E-04  0.325684E-06  0.841679E+02
 2.4500
  0.148823E+05  0.259438E-03 -0.761382E-02  0.622808E-05 -0.189396E+05 -0.182950E-04
 -0.364926E-04  0.148823E+05  0.945403E-04  0.189396E+05 -0.202412E-03 -0.135144E-03
 -0.859475E-02 -0.992211E-03  0.202309E+06  0.595591E-01  0.434172E+00  0.389255E-06
 -0.486569E-04  0.195028E+05  0.253016E-01  0.675662E+06  0.732422E-02  0.634607E-03
 -0.195029E+05  0.228103E-03  0.118483E+00 -0.996492E-04  0.675660E+06  0.229660E-04
 -0.340598E-06  0.123333E-03 -0.141064E-10  0.108753E-03  0.191949E-06  0.842650E+02
 2.5000
  0.139286E+05 -0.127888E-03 -0.127426E-01  0.141144E-04 -0.175698E+05  0.438690E-05
  0.327110E-04  0.139286E+05  0.654221E-04  0.175697E+05 -0.167274E-03 -0.145745E-03
  0.459595E-02  0.106049E-03  0.204896E+06 -0.199097E-01  0.350879E+00  0.381470E-06
  0.159264E-03  0.179323E+05  0.188202E-01  0.674876E+06 -0.541992E-02 -0.223398E-04
 -0.179323E+05  0.109482E-03  0.216650E+00  0.349121E-02  0.674875E+06  0.167847E-04
 -0.953674E-07 -0.882104E-03  0.203727E-09  0.124784E-02 -0.728469E-07  0.845022E+02
 2.5500
  0.131279E+05 -0.918613E-04 -0.103655E-01  0.261045E-03 -0.163446E+05  0.832128E-05
  0.910198E-04  0.131279E+05 -0.291712E-04  0.163446E+05  0.385210E-04 -0.179766E-03
 -0.209434E-02 -0.473097E-03  0.205292E+06  0.187522E+00  0.395125E+00  0.747980E-06
 -0.699361E-04  0.166238E+05  0.184990E-01  0.674625E+06  0.593597E-02  0.526554E-03
 -0.166238E+05 -0.252443E-04  0.243231E+00  0.522988E-02  0.674624E+06  0.246833E-04
  0.934975E-07 -0.565660E-04  0.106999E-11  0.109896E-03 -0.287616E-06  0.845674E+02
 2.6000
  0.124835E+05 -0.340893E-04 -0.231670E-02 -0.916995E-05 -0.150799E+05  0.107288E-04
  0.217098E-04  0.124835E+05 -0.828963E-04  0.150800E+05 -0.861975E-04 -0.310030E-03
 -0.272898E-02 -0.795951E-04  0.205684E+06 -0.896160E-02  0.139724E+00  0.366798E-06
 -0.253641E-03  0.154672E+05  0.272692E-01  0.674062E+06 -0.105638E-03 -0.423331E-03
 -0.154673E+05 -0.295272E-04  0.979380E-01  0.193669E-02  0.674061E+06  0.623556E-05
 -0.412648E-06  0.120622E-03  0.269350E-10 -0.714587E-03 -0.114401E-05  0.844394E+02
 2.6500
  0.119697E+05 -0.164756E-03 -0.221972E-02 -0.152228E-03 -0.138344E+05  0.101215E-05
  0.714244E-04  0.119697E+05  0.573554E-04  0.138344E+05 -0.227082E-03 -0.301181E-03
  0.175044E-02  0.190735E-04  0.206229E+06 -0.180624E+00  0.235757E+00  0.000000E+00
  0.111922E-03  0.143854E+05 -0.250762E-02  0.673409E+06  0.331663E-02 -0.743843E-03
 -0.143854E+05  0.255333E-03  0.140220E+00  0.163528E-02  0.673408E+06  0.104364E-04
 -0.539816E-06 -0.121234E-03 -0.964408E-10  0.265502E-03  0.325688E-06  0.840358E+02
 2.7000
  0.115203E+05  0.717463E-05 -0.546067E-02  0.142698E-03 -0.125333E+05  0.785898E-05
 -0.221199E-04  0.115203E+05 -0.213605E-03  0.125333E+05  0.115854E-03 -0.118597E-03
 -0.124896E-02 -0.151705E-03  0.206947E+06 -0.329002E+00  0.352376E+00 -0.706425E-06
 -0.268442E-04  0.130377E+05 -0.166632E-01  0.672576E+06  0.129756E-01 -0.373235E-03
 -0.130377E+05 -0.862722E-04  0.924570E-01 -0.395598E-03  0.672576E+06 -0.105964E-04
 -0.883032E-07 -0.274179E-03 -0.155625E-09  0.802674E-03 -0.356662E-06  0.835328E+02
 2.7500
  0.110427E+05  0.767274E-04 -0.142878E-02 -0.253851E-03 -0.109684E+05  0.154755E-04
  0.107548E-03  0.110427E+05  0.346444E-03  0.109685E+05 -0.537526E-04 -0.229651E-03
  0.163963E-02  0.235644E-03  0.207865E+06 -0.315851E+00  0.333008E+00  0.346791E-06
 -0.646765E-04  0.109057E+05  0.576782E-02  0.671678E+06 -0.618120E-02 -0.529755E-03
 -0.109057E+05 -0.285019E-04 -0.401722E-01  0.210849E-03  0.671677E+06  0.182932E-04
  0.173395E-06 -0.241093E-03  0.243083E-09 -0.176689E-02 -0.119428E-05  0.841790E+02
 2.8000
 -0.122225E+05  0.497273E-04  0.173721E+00  0.228882E-03  0.149092E+05 -0.108991E-04
  0.179836E-03 -0.122259E+05  0.625338E-03 -0.149098E+05  0.437328E-03  0.778454E-02
  0.403323E-01  0.270094E-03  0.208958E+06  0.367361E+00 -0.167847E+00 -0.340598E-06
  0.130790E-03 -0.606296E+05  0.108253E+00  0.724699E+06  0.381470E-02 -0.328302E-01
  0.606285E+05  0.163487E-03 -0.202907E+01 -0.144958E-02  0.724697E+06 -0.653948E-04
  0.340598E-06 -0.134730E-02  0.469689E-09 -0.763758E-02 -0.733053E-08  0.837310E+02
 2.8500
  0.112987E+05 -0.908919E-04 -0.358715E-02 -0.823172E-04 -0.106633E+05  0.104570E-04
  0.254313E-04  0.112987E+05  0.568858E-05  0.106633E+05  0.237247E-03 -0.920160E-04
  0.346401E-02 -0.678113E-03  0.210189E+06 -0.772239E+00  0.487425E-01  0.133849E-05
 -0.598974E-04  0.132919E+05  0.874034E-02  0.670218E+06  0.296609E-02  0.310781E-03
 -0.132919E+05  0.741189E-04  0.509269E-01  0.785961E-02  0.670219E+06 -0.401547E-05
  0.167311E-06  0.226490E-03  0.231363E-09 -0.359130E-04 -0.885257E-06  0.839494E+02
 2.9000
  0.111133E+05 -0.367905E-04 -0.131120E-01  0.159823E-03 -0.960525E+04 -0.452173E-05
 -0.485881E-04  0.111133E+05 -0.766475E-03  0.960523E+04  0.933943E-04 -0.330549E-03
  0.431455E-02 -0.874256E-03  0.211032E+06  0.142054E+00  0.526165E-01  0.986560E-06
  0.799113E-04  0.115981E+05  0.196154E-01  0.671159E+06  0.441979E-03 -0.546164E-03
 -0.115981E+05 -0.800758E-04  0.394413E-01 -0.923946E-02  0.671159E+06 -0.151272E-04
  0.822133E-07  0.343354E-03 -0.222669E-10  0.113935E-02  0.311639E-06  0.850394E+02
 2.9500
  0.110721E+05 -0.357628E-04 -0.993114E-02  0.588369E-04 -0.902083E+04 -0.872854E-05
 -0.724146E-04  0.110721E+05 -0.707497E-03  0.902084E+04  0.614877E-03 -0.230973E-03
  0.191640E-02 -0.179388E-02  0.211374E+06 -0.368730E+00  0.265658E-01 -0.323279E-06
  0.266706E-04  0.106424E+05 -0.487092E-01  0.670120E+06 -0.189312E-02  0.118328E-02
 -0.106424E+05  0.210455E-03  0.508557E-01  0.134484E-03  0.670121E+06  0.223063E-04
  0.808199E-07  0.476105E-04 -0.241093E-09 -0.717688E-04  0.244684E-06  0.841690E+02
 3.0000
  0.111146E+05 -0.764926E-04 -0.645955E-03 -0.217438E-03 -0.841054E+04  0.317891E-05
 -0.105460E-03  0.111146E+05  0.243187E-04  0.841055E+04  0.217438E-03 -0.265052E-03
  0.427246E-03 -0.914256E-03  0.211722E+06  0.147552E-01  0.276693E-02 -0.158946E-05
 -0.756582E-04  0.995356E+04 -0.603739E-02  0.668564E+06 -0.900269E-02 -0.673761E-03
 -0.995362E+04 -0.149806E-03 -0.646973E-02  0.733439E-02  0.668564E+06 -0.619888E-05
 -0.397364E-06  0.226215E-03  0.169772E-10  0.192757E-03 -0.265221E-06  0.844746E+02
 3.0500
  0.112280E+05  0.252567E-03 -0.800461E-02  0.167597E-03 -0.784478E+04 -0.267341E-04
 -0.412738E-04  0.112280E+05 -0.486530E-03  0.784481E+04 -0.166971E-03 -0.822837E-04
  0.315932E-02  0.742615E-04  0.212112E+06 -0.146354E+00 -0.189709E-01 -0.312680E-06
 -0.216531E-04  0.938749E+04  0.113190E-01  0.667148E+06 -0.460265E-03  0.372803E-03
 -0.938752E+04 -0.101074E-03  0.183706E-01 -0.481277E-02  0.667148E+06  0.328314E-05
  0.000000E+00  0.138283E-03  0.126435E-09  0.463621E-03 -0.474965E-07  0.846157E+02
 3.1000
  0.113700E+05 -0.154126E-03 -0.482375E-02 -0.129207E-03 -0.734370E+04  0.150742E-04
 -0.136898E-04  0.113700E+05 -0.593432E-03  0.734374E+04  0.225805E-03 -0.178362E-03
  0.390084E-02 -0.922295E-03  0.212520E+06  0.944765E-01 -0.787550E-03 -0.307637E-06
 -0.306099E-04  0.902504E+04  0.217069E-01  0.666467E+06  0.140578E-01 -0.530308E-03
 -0.902509E+04  0.365319E-04 -0.386687E-01 -0.772784E-02  0.666468E+06 -0.799856E-05
  0.384546E-06 -0.182614E-03  0.113540E-09  0.145176E-03 -0.484643E-06  0.841925E+02
 3.1500
  0.115450E+05  0.885555E-04  0.663636E-03 -0.223432E-03 -0.686321E+04  0.544957E-05
 -0.112322E-03  0.115450E+05  0.391309E-03  0.686320E+04 -0.326974E-04 -0.270946E-03
 -0.261337E-02  0.105555E-02  0.212970E+06  0.202598E+00 -0.761099E-01 -0.908261E-06
  0.923020E-04  0.857443E+04 -0.136554E-01  0.666058E+06  0.634572E-02 -0.464793E-03
 -0.857447E+04  0.218361E-04 -0.604539E-01  0.113351E-02  0.666057E+06  0.529819E-06
 -0.227065E-06 -0.125825E-03 -0.323376E-10  0.188934E-03  0.315552E-06  0.840188E+02
 3.2000
  0.117489E+05 -0.119209E-05 -0.211883E-01  0.894070E-05 -0.643941E+04  0.908971E-05
  0.889599E-04  0.117489E+05  0.968874E-03  0.643945E+04  0.339150E-03 -0.189226E-03
  0.147820E-03  0.528917E-03  0.213449E+06 -0.641108E-01 -0.300598E-01 -0.178814E-05
  0.971556E-04  0.814208E+04 -0.673532E-02  0.666213E+06 -0.185966E-02 -0.407300E-03
 -0.814210E+04  0.115838E-03  0.196075E-01  0.616074E-02  0.666213E+06 -0.447035E-06
  0.223517E-06 -0.467212E-03  0.255795E-10 -0.267246E-03  0.647324E-06  0.845573E+02
 3.2500
  0.119778E+05 -0.102337E-03 -0.168574E-01 -0.469501E-05 -0.605193E+04  0.733596E-05
 -0.685178E-04  0.119778E+05  0.988593E-03  0.605196E+04 -0.191909E-03 -0.917178E-04
 -0.229821E-02  0.162110E-02  0.213950E+06 -0.440115E+00 -0.135667E+00 -0.586877E-06
 -0.234934E-04  0.782235E+04 -0.518564E-02  0.666928E+06  0.161508E-02 -0.158546E-03
 -0.782233E+04  0.834098E-04 -0.207106E+00 -0.178410E-02  0.666929E+06 -0.623556E-05
  0.293438E-06 -0.148069E-03  0.123132E-10  0.167426E-03 -0.268404E-06  0.840364E+02
 3.3000
  0.122391E+05 -0.121593E-03  0.298240E-02 -0.127157E-04 -0.573127E+04 -0.577984E-06
  0.202295E-03  0.122391E+05  0.270930E-03  0.573124E+04 -0.953674E-04 -0.676061E-04
  0.419154E-02 -0.137900E-02  0.213880E+06  0.222714E+00 -0.369910E-01  0.144496E-05
  0.157772E-04  0.749711E+04 -0.881542E-02  0.668042E+06  0.313499E-02  0.340926E-03
 -0.749707E+04  0.127789E-04 -0.381747E-01 -0.608502E-02  0.668043E+06  0.222163E-05
  0.794729E-06 -0.123838E-03  0.633890E-11  0.134474E-03  0.732799E-07  0.840276E+02
 3.3500
  0.124993E+05 -0.535908E-04 -0.283950E-01  0.706004E-04 -0.547719E+04  0.768633E-05
 -0.604943E-04  0.124993E+05 -0.312293E-03  0.547713E+04 -0.757246E-04 -0.199756E-03
  0.308820E-02  0.180059E-02  0.215301E+06 -0.961395E-01  0.109754E+00 -0.284679E-06
 -0.212797E-04  0.711967E+04 -0.323782E-01  0.668130E+06 -0.164339E-01 -0.195361E-04
 -0.711964E+04  0.350956E-05  0.151586E+00 -0.298799E-02  0.668131E+06  0.155862E-04
  0.000000E+00 -0.911862E-05  0.000000E+00  0.908164E-04 -0.889079E-07  0.842632E+02
 3.4000
  0.127596E+05  0.969803E-04 -0.184766E-01  0.225516E-03 -0.526796E+04 -0.532936E-05
  0.586229E-04  0.127596E+05  0.838392E-03  0.526792E+04  0.875136E-04 -0.136039E-03
  0.495911E-03 -0.397949E-03  0.215302E+06  0.104509E+00  0.616096E-01 -0.841477E-06
 -0.103467E-03  0.671084E+04 -0.230655E-01  0.667260E+06  0.807818E-04  0.367292E-04
 -0.671081E+04 -0.411973E-06  0.721651E-01  0.234267E-02  0.667260E+06  0.100276E-04
  0.140246E-06  0.712999E-04  0.144449E-09 -0.121557E-04 -0.650595E-06  0.841112E+02
 3.4500
  0.130471E+05 -0.726313E-04  0.226228E-01  0.207873E-03 -0.510913E+04  0.773997E-05
 -0.174149E-03  0.130471E+05 -0.205717E-02  0.510910E+04 -0.170279E-03 -0.245934E-03
  0.574969E-03 -0.257927E-02  0.215308E+06  0.320917E+00  0.271739E-01 -0.552855E-06
 -0.649604E-05  0.651405E+04 -0.996023E-02  0.666562E+06  0.719153E-02 -0.279427E-03
 -0.651406E+04  0.244293E-04 -0.323398E-01 -0.840339E-03  0.666562E+06 -0.984772E-05
  0.276427E-06 -0.240330E-03  0.975400E-11 -0.379807E-04  0.148031E-06  0.841355E+02
 3.5000
  0.133350E+05  0.175204E-03  0.319999E-01 -0.256130E-03 -0.500327E+04  0.490461E-05
  0.280653E-04  0.133350E+05 -0.177520E-03  0.500324E+04  0.296456E-03 -0.113232E-03
  0.279236E-02 -0.725474E-04  0.215366E+06  0.826242E-01 -0.625000E-01  0.817435E-06
  0.195503E-04  0.641464E+04  0.314222E-01  0.666181E+06  0.220598E-02  0.671485E-03
 -0.641463E+04 -0.223432E-04 -0.102609E+00  0.976562E-03  0.666181E+06 -0.388282E-05
 -0.408718E-06 -0.518528E-03  0.182159E-09  0.111038E-03 -0.378969E-06  0.843724E+02
 3.5500
  0.135498E+05 -0.136335E-03  0.413492E-02  0.322369E-04 -0.481890E+04  0.349233E-05
 -0.247149E-04  0.135498E+05 -0.745612E-03  0.481897E+04  0.121426E-03 -0.164022E-03
 -0.360408E-02 -0.826742E-04  0.215451E+06 -0.262408E-01 -0.873405E-01  0.537281E-06
 -0.365015E-04  0.621957E+04 -0.501606E-02  0.665660E+06  0.170211E-02  0.574639E-04
 -0.621959E+04  0.493627E-05 -0.726920E-01  0.833861E-03  0.665661E+06  0.181332E-05
  0.738762E-06 -0.111734E-03  0.546722E-09  0.153256E-03  0.407079E-06  0.844173E+02
 3.6000
  0.136903E+05  0.768238E-04  0.739627E-02 -0.114441E-03 -0.459610E+04 -0.821220E-05
 -0.128746E-03  0.136903E+05 -0.339746E-03  0.459607E+04 -0.274446E-03 -0.127968E-03
 -0.290341E-03 -0.225948E-02  0.215604E+06 -0.909551E-01  0.211589E-01 -0.105964E-05
  0.153648E-04  0.598954E+04  0.674778E-02  0.665203E+06  0.984192E-02  0.333596E-03
 -0.598952E+04 -0.126825E-04 -0.393338E-01 -0.109016E-01  0.665204E+06  0.960297E-05
  0.198682E-06 -0.404475E-03 -0.268806E-09  0.212935E-03 -0.115457E-06  0.842842E+02
 3.6500
  0.135532E+05  0.248217E-04  0.182269E-01  0.125415E-04 -0.424992E+04 -0.138479E-04
 -0.350116E-04  0.135531E+05  0.768165E-04  0.424988E+04  0.199618E-03 -0.148783E-03
  0.541582E-02  0.971441E-03  0.215848E+06 -0.537277E-01  0.664865E-01  0.261281E-06
  0.270425E-04  0.564487E+04  0.546996E-01  0.664991E+06  0.113709E-02  0.107770E-03
 -0.564485E+04  0.332480E-04 -0.588613E-02 -0.205680E-02  0.664991E+06  0.209025E-05
  0.137172E-05  0.253340E-04 -0.179407E-10  0.106709E-03 -0.424129E-06  0.841068E+02
 3.7000
  0.104001E+05  0.958829E-04  0.295938E-01  0.256719E-03 -0.231491E+04 -0.567050E-05
  0.719122E-04  0.104000E+05  0.823253E-03  0.231488E+04  0.157743E-03 -0.103229E-03
  0.110729E-02  0.922036E-03  0.216176E+06  0.284803E+00 -0.167599E-01  0.257750E-06
 -0.340230E-04  0.393895E+04  0.250801E-01  0.664475E+06 -0.160011E-02 -0.197179E-04
 -0.393896E+04  0.528387E-05 -0.893423E-01 -0.348065E-02  0.664475E+06 -0.257750E-06
 -0.579937E-06 -0.307141E-03 -0.259575E-09  0.227962E-03 -0.276054E-06  0.840709E+02
 3.7500
  0.169903E+05  0.199382E-03  0.205282E-01  0.803630E-04 -0.596101E+04  0.406901E-05
 -0.793457E-04  0.169903E+05  0.626882E-03  0.596102E+04  0.640869E-04 -0.760237E-04
 -0.625000E-02  0.118192E-03  0.216604E+06 -0.344299E+00 -0.276042E-01 -0.762939E-06
 -0.113753E-03  0.732028E+04 -0.225728E-01  0.666378E+06  0.416667E-02 -0.374615E-03
 -0.732027E+04 -0.514398E-04 -0.832682E-01 -0.104004E-01  0.666379E+06 -0.146627E-05
  0.762939E-06 -0.197283E-03  0.195481E-09  0.394036E-03 -0.836473E-06  0.840545E+02
 3.8000
  0.163604E+05  0.564676E-05  0.300397E-01 -0.431663E-03 -0.530485E+04 -0.230890E-04
 -0.145686E-03  0.163604E+05 -0.136777E-03  0.530482E+04  0.440698E-03 -0.348687E-04
 -0.522011E-04  0.461591E-03  0.217116E+06  0.286588E+00 -0.407329E-01 -0.276064E-05
 -0.341942E-04  0.664422E+04 -0.100588E-01  0.666964E+06 -0.770970E-02 -0.280899E-03
 -0.664420E+04 -0.298023E-04 -0.984915E-01  0.566984E-02  0.666964E+06  0.188225E-06
  0.690159E-06 -0.232705E-03 -0.254659E-09  0.237693E-03 -0.407325E-06  0.842125E+02
 3.8500
  0.164339E+05 -0.894844E-04  0.263402E-01  0.232845E-03 -0.514004E+04 -0.200643E-04
  0.204978E-03  0.164338E+05 -0.136239E-04  0.514002E+04 -0.147634E-03 -0.349268E-03
 -0.257418E-02 -0.445936E-03  0.217556E+06 -0.192966E+00 -0.649351E-01 -0.173395E-05
 -0.470644E-04  0.647550E+04 -0.275986E-01  0.667702E+06 -0.161704E-02 -0.222480E-03
 -0.647551E+04  0.646207E-04 -0.130441E+00 -0.986074E-02  0.667703E+06 -0.613076E-05
  0.371561E-06 -0.401101E-03  0.153079E-09  0.253743E-03 -0.204135E-06  0.842147E+02
 3.9000
  0.166549E+05  0.128135E-03  0.210258E-01 -0.175085E-03 -0.507966E+04 -0.195625E-05
 -0.153199E-03  0.166548E+05 -0.115664E-03  0.507966E+04 -0.978127E-06 -0.144106E-03
 -0.533862E-02  0.441563E-03  0.217623E+06 -0.691732E-01 -0.230369E-01  0.268985E-05
 -0.331952E-04  0.654526E+04  0.272545E-01  0.667184E+06  0.353691E-02  0.294814E-03
 -0.654526E+04  0.834465E-05 -0.109989E+00  0.120505E-02  0.667185E+06 -0.782502E-05
  0.183399E-06 -0.295788E-03 -0.466408E-12  0.154129E-03 -0.161972E-06  0.843076E+02
 3.9500
  0.169420E+05  0.101403E-03  0.159580E-01 -0.144862E-04 -0.506848E+04 -0.185906E-04
 -0.112147E-03  0.169420E+05 -0.175066E-02  0.506845E+04 -0.164177E-03 -0.267647E-03
  0.277169E-02  0.167273E-02  0.217647E+06 -0.399749E+00  0.580993E-02  0.350083E-05
 -0.794930E-04  0.667254E+04  0.115890E-04  0.666608E+06 -0.245686E-02  0.241648E-03
 -0.667250E+04  0.966953E-04 -0.537727E-01 -0.166881E-02  0.666610E+06 -0.277652E-05
  0.000000E+00 -0.144986E-03 -0.191109E-09  0.561886E-03  0.223387E-06  0.843107E+02
 4.0000
  0.172633E+05 -0.283957E-03  0.177841E-01 -0.772476E-04 -0.507311E+04 -0.312328E-04
 -0.364780E-04  0.172633E+05  0.751019E-03  0.507311E+04  0.194550E-03 -0.259712E-03
  0.608730E-02  0.597119E-03  0.217678E+06  0.446320E-02  0.854492E-03 -0.357628E-06
 -0.686646E-04  0.679690E+04  0.171852E-01  0.666052E+06 -0.424194E-02 -0.126995E-03
 -0.679688E+04  0.947714E-05 -0.206299E-01  0.524902E-02  0.666052E+06  0.238419E-05
  0.715256E-06 -0.339992E-03  0.110958E-09  0.309469E-03  0.209822E-06  0.843043E+02
 4.0500
  0.175951E+05 -0.129865E-03  0.390738E-01 -0.405959E-03 -0.512324E+04  0.235475E-05
 -0.847710E-04  0.175951E+05 -0.194738E-03  0.512325E+04  0.151646E-03 -0.237536E-03
  0.204863E-02 -0.204622E-02  0.217725E+06 -0.577121E-01  0.278501E-01  0.000000E+00
  0.812389E-04  0.691660E+04  0.294664E-01  0.665659E+06 -0.557605E-03  0.713674E-03
 -0.691659E+04  0.157180E-04 -0.452112E-01 -0.304422E-02  0.665660E+06  0.164833E-05
  0.000000E+00 -0.175260E-03 -0.498538E-10  0.131925E-03  0.547890E-06  0.843376E+02
 4.1000
  0.179006E+05 -0.115371E-03  0.524493E-01  0.846677E-04 -0.517921E+04  0.534988E-05
  0.879241E-04  0.179005E+05 -0.142097E-02  0.517923E+04 -0.104206E-03 -0.340851E-03
  0.386494E-02  0.229795E-02  0.217752E+06 -0.394697E+00  0.327506E-01  0.814112E-06
 -0.424501E-05  0.703441E+04 -0.263903E-01  0.665424E+06 -0.711581E-02 -0.302675E-04
 -0.703446E+04  0.438458E-04 -0.307855E-01  0.102718E-02  0.665425E+06 -0.523358E-05
  0.581509E-07 -0.305161E-03 -0.160160E-09  0.878334E-04 -0.274463E-07  0.843744E+02
 4.1500
  0.181877E+05  0.915757E-04  0.215572E-01  0.422834E-04 -0.524303E+04 -0.142477E-04
  0.190620E-03  0.181877E+05 -0.515674E-03  0.524296E+04  0.588291E-03 -0.206907E-03
  0.478078E-02 -0.704627E-03  0.217830E+06 -0.223308E+00 -0.750659E-01  0.275761E-05
 -0.172466E-03  0.706421E+04  0.683153E-02  0.665287E+06  0.235316E-03 -0.109602E-02
 -0.706417E+04  0.132136E-04 -0.927146E-01 -0.210314E-02  0.665288E+06  0.321721E-05
  0.631953E-06  0.134577E-03 -0.315584E-10 -0.477562E-04  0.444577E-06  0.843114E+02
 4.2000
  0.184765E+05  0.154404E-04  0.308736E-01  0.158037E-03 -0.534765E+04  0.190735E-04
 -0.120458E-03  0.184765E+05 -0.676655E-04  0.534770E+04 -0.408718E-04 -0.434504E-03
  0.735419E-02 -0.722522E-03  0.217924E+06 -0.584630E-01  0.102307E-01 -0.227065E-06
  0.173251E-03  0.713607E+04 -0.662122E-02  0.665428E+06  0.290644E-03  0.173166E-03
 -0.713606E+04  0.177679E-04 -0.412714E-02  0.874837E-02  0.665429E+06 -0.601723E-05
  0.681196E-06 -0.335819E-03 -0.113903E-09  0.103460E-03 -0.176373E-07  0.842475E+02
 4.2500
  0.187230E+05 -0.351513E-03  0.201416E-01  0.709085E-04 -0.544371E+04  0.224394E-06
  0.155168E-03  0.187229E+05 -0.464271E-03  0.544373E+04 -0.767427E-03 -0.144355E-03
  0.840669E-02 -0.134019E-03  0.218065E+06 -0.223540E+00  0.287224E-02 -0.560985E-06
 -0.315274E-04  0.713071E+04 -0.675875E-02  0.665702E+06  0.176643E-02 -0.232381E-03
 -0.713070E+04  0.129980E-03  0.193015E-01  0.415039E-02  0.665704E+06  0.269273E-05
 -0.560985E-06 -0.290822E-03  0.517877E-10 -0.224076E-03 -0.631355E-06  0.842044E+02
 4.3000
  0.189052E+05 -0.443569E-04  0.225262E-01 -0.106457E-03 -0.548530E+04  0.221785E-06
  0.212913E-03  0.189051E+05  0.104904E-03  0.548524E+04  0.361953E-03 -0.117976E-03
  0.599883E-02 -0.278040E-02  0.218252E+06  0.171033E+00  0.295240E-02  0.332677E-06
 -0.113110E-04  0.705507E+04 -0.270577E-02  0.666062E+06  0.722486E-02 -0.309653E-03
 -0.705504E+04 -0.199052E-04 -0.672238E-01 -0.493959E-02  0.666063E+06  0.255052E-05
  0.554462E-06 -0.338814E-03  0.211510E-11  0.153887E-03  0.100806E-06  0.843466E+02
 4.3500
  0.189965E+05  0.128801E-03  0.406971E-01  0.312191E-03 -0.549046E+04  0.328853E-05
 -0.109179E-03  0.189965E+05 -0.149519E-03  0.549047E+04 -0.106110E-03 -0.225539E-03
  0.428386E-02  0.491855E-03  0.218515E+06  0.116430E+00 -0.601652E-01  0.164427E-05
  0.493280E-05  0.693080E+04 -0.941309E-02  0.666629E+06  0.968144E-03 -0.233952E-03
 -0.693079E+04  0.794729E-04 -0.144352E+00  0.434963E-02  0.666630E+06  0.295968E-05
 -0.548089E-07 -0.548592E-03  0.284348E-10  0.408790E-03  0.599972E-06  0.843198E+02
 4.4000
  0.188642E+05 -0.466000E-04  0.350120E-01  0.110973E-03 -0.542197E+04 -0.177730E-04
  0.236251E-04  0.188641E+05 -0.734763E-04  0.542199E+04  0.196804E-03 -0.233163E-03
  0.283761E-02  0.226070E-02  0.218861E+06  0.229263E+00 -0.297408E-01  0.541860E-06
 -0.870228E-04  0.671850E+04 -0.567003E-02  0.667464E+06 -0.208074E-02 -0.301288E-03
 -0.671851E+04  0.467626E-04 -0.125677E+00  0.707453E-02  0.667466E+06 -0.606884E-05
  0.000000E+00 -0.447506E-03  0.170324E-09  0.355998E-03 -0.183156E-07  0.844087E+02
 4.4500
  0.173181E+05 -0.306676E-03  0.414216E-01  0.968676E-04 -0.494336E+04  0.128585E-05
 -0.229310E-04  0.173180E+05  0.114827E-02  0.494338E+04  0.112298E-03 -0.140667E-03
  0.317177E-04  0.129576E-02  0.219089E+06 -0.112778E+00 -0.113567E+00  0.107154E-06
  0.273244E-04  0.597419E+04  0.492739E-02  0.667765E+06 -0.116584E-02 -0.384684E-03
 -0.597420E+04 -0.685788E-04 -0.142699E+00  0.152245E-02  0.667767E+06  0.492910E-05
 -0.267886E-06 -0.462977E-03  0.274688E-09  0.425677E-03  0.630801E-06  0.844518E+02
 4.5000
  0.224388E+05  0.443459E-04  0.398899E-01  0.701057E-03 -0.716959E+04 -0.131395E-04
  0.154707E-03  0.224387E+05 -0.208961E-03  0.716952E+04 -0.691732E-03 -0.148270E-03
  0.254822E-02 -0.384384E-04  0.219071E+06  0.269911E-01 -0.121745E+00  0.243717E-05
  0.324249E-04  0.832879E+04  0.424771E-01  0.668257E+06  0.273980E-02  0.731226E-03
 -0.832878E+04 -0.110838E-03 -0.181803E+00  0.603570E-02  0.668258E+06  0.145700E-04
  0.000000E+00  0.690752E-05 -0.384009E-10  0.218363E-03  0.302183E-06  0.843918E+02
 4.5500
  0.214767E+05  0.262470E-03  0.335358E-01 -0.452733E-04 -0.656125E+04 -0.377278E-05
  0.489413E-04  0.214766E+05 -0.608884E-03  0.656124E+04  0.477885E-04 -0.244431E-03
 -0.583523E-03  0.128379E-02  0.219039E+06  0.238124E+00 -0.104524E+00  0.157199E-05
 -0.172395E-04  0.789547E+04 -0.267079E-01  0.667514E+06  0.576816E-02 -0.354438E-03
 -0.789548E+04 -0.130947E-03 -0.205722E+00  0.452063E-02  0.667516E+06  0.125759E-05
  0.366798E-06 -0.130980E-03 -0.767574E-10  0.195270E-03 -0.253750E-06  0.842925E+02
 4.6000
  0.214444E+05  0.331868E-03  0.430032E-01  0.514984E-03 -0.647869E+04 -0.232199E-04
 -0.990992E-04  0.214444E+05 -0.729354E-03  0.647872E+04 -0.274492E-03 -0.278937E-03
  0.259980E-02  0.891478E-05  0.219018E+06 -0.297016E-01 -0.134596E+00  0.103660E-05
 -0.471654E-04  0.793657E+04  0.162174E-01  0.667039E+06  0.854492E-02 -0.192964E-03
 -0.793658E+04 -0.658243E-04 -0.984524E-01 -0.366211E-02  0.667040E+06  0.145124E-05
  0.207321E-06 -0.117813E-03 -0.147892E-09  0.208083E-03  0.171561E-06  0.842015E+02
 4.6500
  0.215915E+05  0.170380E-03  0.508758E-01 -0.943420E-04 -0.649671E+04  0.164073E-04
 -0.222832E-03  0.215914E+05 -0.227508E-02  0.649667E+04 -0.246930E-03 -0.152652E-03
  0.176871E-02  0.294985E-02  0.219022E+06 -0.434098E+00 -0.113827E+00  0.615274E-06
  0.884456E-04  0.805168E+04 -0.418386E-02  0.666671E+06  0.199513E-02 -0.215711E-03
 -0.805170E+04  0.290204E-04 -0.151682E+00  0.275643E-03  0.666673E+06 -0.748583E-05
 -0.410182E-06 -0.254451E-03  0.159210E-09  0.253014E-03 -0.122159E-05  0.842683E+02
 4.7000
  0.217942E+05  0.268551E-03  0.373613E-01  0.236998E-03 -0.656054E+04 -0.137978E-04
 -0.179372E-03  0.217941E+05  0.902135E-03  0.656058E+04  0.527565E-03 -0.289463E-03
  0.478623E-02 -0.667694E-02  0.219040E+06  0.559121E-01 -0.494515E-01 -0.273928E-05
  0.321611E-04  0.821552E+04  0.209532E-01  0.666434E+06 -0.789561E-02 -0.180133E-03
 -0.821554E+04  0.124992E-03 -0.508540E-01  0.280502E-02  0.666435E+06 -0.101455E-06
  0.202909E-06 -0.415679E-03 -0.766298E-10  0.433907E-03 -0.183323E-06  0.842641E+02
 4.7500
  0.220161E+05 -0.224565E-03  0.406237E-01 -0.218442E-03 -0.664840E+04 -0.419617E-04
  0.293832E-03  0.220161E+05 -0.414999E-03  0.664838E+04 -0.306782E-03 -0.178023E-03
  0.973109E-02 -0.127710E-02  0.219048E+06  0.380024E-01  0.234375E-01 -0.190735E-05
  0.357377E-04  0.839244E+04  0.170609E-01  0.666306E+06  0.119500E-01  0.101152E-03
 -0.839241E+04 -0.592282E-05 -0.525288E-01  0.805664E-02  0.666307E+06  0.381470E-05
 -0.250967E-06 -0.611258E-03 -0.543782E-10  0.844164E-03  0.277402E-06  0.841252E+02
 4.8000
  0.222252E+05 -0.296533E-03  0.394313E-01  0.427564E-03 -0.674220E+04 -0.127157E-04
 -0.832478E-04  0.222252E+05 -0.578165E-04  0.674222E+04 -0.185966E-03 -0.176194E-03
  0.659863E-02 -0.257753E-02  0.219076E+06  0.822194E-01 -0.489298E-01 -0.109275E-05
 -0.397364E-05  0.850263E+04 -0.499090E-03  0.666263E+06  0.562032E-02 -0.138134E-03
 -0.850264E+04  0.291566E-04 -0.421651E-01 -0.104523E-01  0.666264E+06  0.536442E-05
 -0.248353E-06 -0.389824E-03 -0.147035E-09  0.324113E-03 -0.694483E-06  0.840569E+02
 4.8500
  0.224344E+05 -0.529142E-03  0.433224E-01 -0.358660E-03 -0.686018E+04  0.387369E-04
  0.186802E-04  0.224344E+05 -0.126495E-02  0.686017E+04  0.283153E-04 -0.211529E-03
  0.857717E-02  0.107755E-03  0.219150E+06 -0.656096E-01 -0.604059E-03  0.250708E-05
 -0.600717E-04  0.860759E+04  0.227655E-01  0.666388E+06  0.232815E-02 -0.971101E-03
 -0.860754E+04 -0.177462E-04 -0.138128E+00 -0.184993E-02  0.666389E+06 -0.363773E-05
 -0.983169E-07 -0.203064E-03  0.596328E-10  0.597851E-05 -0.228399E-06  0.841421E+02
 4.9000
  0.226067E+05  0.153950E-03  0.374307E-01 -0.311404E-04 -0.696793E+04  0.169326E-04
 -0.712336E-04  0.226066E+05 -0.228882E-03  0.696788E+04  0.903071E-04 -0.272977E-03
  0.468585E-02  0.146508E-02  0.219246E+06 -0.373373E-01 -0.358737E-01  0.233553E-05
 -0.130400E-04  0.864030E+04 -0.881896E-02  0.666611E+06  0.359983E-02  0.491860E-04
 -0.864027E+04  0.207765E-04 -0.117835E+00  0.391123E-02  0.666612E+06  0.116776E-04
 -0.486569E-07 -0.177087E-03 -0.388299E-09  0.359707E-03  0.365085E-06  0.842965E+02
 4.9500
  0.227187E+05  0.830371E-04  0.421821E-01  0.986427E-04 -0.703692E+04  0.198441E-04
 -0.266355E-03  0.227186E+05  0.221503E-02  0.703687E+04  0.149505E-03 -0.128794E-03
  0.621911E-02 -0.363191E-03  0.219366E+06 -0.748575E-01 -0.232797E-01  0.211928E-05
  0.973904E-04  0.861560E+04 -0.325428E-01  0.666925E+06  0.609119E-02 -0.836873E-05
 -0.861558E+04 -0.247088E-04 -0.565716E-01 -0.278666E-02  0.666926E+06 -0.452755E-05
 -0.963307E-07 -0.154487E-03  0.654836E-09  0.360651E-03  0.570026E-06  0.841838E+02
 5.0000
  0.227395E+05 -0.858307E-04  0.405334E-01  0.357056E-03 -0.705833E+04 -0.455856E-04
  0.226974E-04  0.227394E+05  0.703621E-03  0.705831E+04  0.190735E-03 -0.419688E-03
  0.996056E-02 -0.147843E-03  0.219535E+06 -0.127563E-01 -0.483398E-01  0.238419E-06
  0.955582E-04  0.851919E+04 -0.851746E-02  0.667346E+06 -0.139160E-02 -0.103371E-02
 -0.851917E+04  0.884056E-04 -0.747559E-01  0.823975E-02  0.667348E+06  0.352860E-05
  0.476837E-06 -0.286776E-03  0.523869E-10  0.123484E-03 -0.133863E-06  0.842359E+02
